Time,Left Shoulder Angle,Right Shoulder Angle,Left Elbow Angle,Right Elbow Angle,Left Hip Angle,Right Hip Angle,Left Knee Angle,Right Knee Angle,"x, y Left Shoulder","x, y Right Shoulder","x, y Left Elbow","x, y Right Elbow","x, y Left Hip","x, y Right Hip","x, y Left Knee","x, y Right Knee","x, y Left Wrist","x, y Right Wrist","x, y Left Ankle","x, y Right Ankle","x, y Nose",Left Shoulder X,Left Shoulder Y,Right Shoulder X,Right Shoulder Y,Left Hip X,Left Hip Y,Right Hip X,Right Hip Y,Spine Shoulder X,Spine Shoulder Y,Spine Hip X,Spine Hip Y,Spine Angle,Leaning
0.0,-8.245898870279857,15.798433118524033,160.26667668153988,154.52993029574768,164.53414343263847,206.7724890519534,178.5604124961866,181.42137655469412,"0.5377636551856995, 0.35536640882492065","0.44356703758239746, 0.3654417395591736","0.531609296798706, 0.4257495403289795","0.4484020173549652, 0.42708665132522583","0.5212717652320862, 0.48619428277015686","0.4709993004798889, 0.4859033524990082","0.5432859063148499, 0.5933270454406738","0.4473230242729187, 0.589401364326477","0.5020591616630554, 0.47281116247177124","0.4744647145271301, 0.46893152594566345","0.5618919134140015, 0.692417323589325","0.42107105255126953, 0.6903469562530518","0.49041932821273804, 0.34307652711868286",0.5377636551856995,0.35536640882492065,0.44356703758239746,0.3654417395591736,0.5212717652320862,0.48619428277015686,0.4709993004798889,0.4859033524990082,0.49066534638404846,0.3604040741920471,0.49613553285598755,0.4860488176345825,-92.49290809726,Forward
0.0333778371161548,-2.5823379846125736,13.268097193892606,177.95891818663708,156.8777261708787,163.5615847767193,206.07740226093776,178.98336166428695,181.60220941057824,"0.5378543138504028, 0.3556276261806488","0.44439825415611267, 0.3648205101490021","0.5319012999534607, 0.4256761968135834","0.44605422019958496, 0.42692431807518005","0.521537184715271, 0.4846840798854828","0.4710884690284729, 0.48512330651283264","0.5418661236763, 0.5932575464248657","0.44727325439453125, 0.5894246101379395","0.508405864238739, 0.4782034754753113","0.46920913457870483, 0.47372227907180786","0.5612727403640747, 0.6926655173301697","0.42080432176589966, 0.6903514266014099","0.48980122804641724, 0.3420179486274719",0.5378543138504028,0.3556276261806488,0.44439825415611267,0.3648205101490021,0.521537184715271,0.4846840798854828,0.4710884690284729,0.48512330651283264,0.49112628400325775,0.36022406816482544,0.49631282687187195,0.4849036931991577,-92.38207149794883,Forward
0.0667556742323097,2.0654259470141163,11.202236672384316,192.8866215754497,159.0531337135935,162.7398673792312,205.5105214174396,179.31763238056004,181.77794519929424,"0.5378486514091492, 0.3557021915912628","0.44459182024002075, 0.3643273711204529","0.5321018695831299, 0.4256715178489685","0.4461882710456848, 0.4267721176147461","0.5215941667556763, 0.48406776785850525","0.4711514115333557, 0.48494410514831543","0.5411235690116882, 0.5932475328445435","0.44725102186203003, 0.5894908308982849","0.5119093656539917, 0.48430508375167847","0.46968039870262146, 0.4792620539665222","0.5609801411628723, 0.6928226351737976","0.42050471901893616, 0.6903741359710693","0.4890521466732025, 0.34199059009552",0.5378486514091492,0.3557021915912628,0.44459182024002075,0.3643273711204529,0.5215941667556763,0.48406776785850525,0.4711514115333557,0.48494410514831543,0.49122023582458496,0.36001478135585785,0.496372789144516,0.48450593650341034,-92.37005719126405,Forward
0.1001335113484646,5.783850809798842,9.575549759608064,205.19077446326128,161.0438973895778,162.06760970329353,205.06070606749267,179.56829644150878,181.94589776484767,"0.53753262758255, 0.35569602251052856","0.4445856213569641, 0.36429375410079956","0.534090518951416, 0.425635427236557","0.44600576162338257, 0.4267757534980774","0.521440863609314, 0.4840288758277893","0.4710109233856201, 0.4849574565887451","0.540779709815979, 0.5932089686393738","0.4469558298587799, 0.5895028710365295","0.5164004564285278, 0.4826330542564392","0.4658898711204529, 0.4794066846370697","0.560828447341919, 0.6929551362991333","0.4203266203403473, 0.6903747320175171","0.48591679334640503, 0.33843928575515747",0.53753262758255,0.35569602251052856,0.4445856213569641,0.36429375410079956,0.521440863609314,0.4840288758277893,0.4710109233856201,0.4849574565887451,0.4910591244697571,0.35999488830566406,0.49622589349746704,0.4844931662082672,-92.37645279300922,Forward
0.1335113484646194,8.659394488940235,8.362734661172741,215.0123644653553,162.83776166451744,161.54343021202556,204.71681575713083,179.74042564363617,182.10338095124405,"0.5374437570571899, 0.3555385172367096","0.4439677596092224, 0.36438482999801636","0.534203290939331, 0.4258750081062317","0.44514599442481995, 0.4286581575870514","0.5212754607200623, 0.48360171914100647","0.47082194685935974, 0.4849211573600769","0.5406022667884827, 0.5928740501403809","0.44682708382606506, 0.5895033478736877","0.5173476934432983, 0.4821940064430237","0.4629240930080414, 0.48304519057273865","0.5606750249862671, 0.6930088400840759","0.4202987253665924, 0.690403938293457","0.48489561676979065, 0.33790451288223267",0.5374437570571899,0.3555385172367096,0.4439677596092224,0.36438482999801636,0.5212754607200623,0.48360171914100647,0.47082194685935974,0.4849211573600769,0.4907057583332062,0.359961673617363,0.496048703789711,0.4842614382505417,-92.46130710457419,Forward
0.1668891855807743,10.77851486963692,7.538489582687246,222.49237919701528,164.4224710040982,161.16594736854665,204.4677100323879,179.83909178344518,182.24770860248896,"0.5374848246574402, 0.35502761602401733","0.4436376988887787, 0.36450862884521484","0.5358120203018188, 0.425163596868515","0.4443720281124115, 0.4291098117828369","0.5212818384170532, 0.48356008529663086","0.4707034230232239, 0.4848850667476654","0.5405908823013306, 0.5928568840026855","0.44674864411354065, 0.5895535945892334","0.5198062658309937, 0.4816865026950836","0.45581212639808655, 0.48266154527664185","0.5604463815689087, 0.6931638717651367","0.42015647888183594, 0.690409779548645","0.48453813791275024, 0.3381738066673279",0.5374848246574402,0.35502761602401733,0.4436376988887787,0.36450862884521484,0.5212818384170532,0.48356008529663086,0.4707034230232239,0.4848850667476654,0.49056126177310944,0.3597681224346161,0.49599263072013855,0.48422257602214813,-92.49888348600967,Forward
0.2002670226969292,12.22766983708753,7.077512729760473,227.7718062735247,165.78576987400592,160.93377963597612,204.3022484392977,179.8693666574388,182.37619456258795,"0.5377456545829773, 0.35497796535491943","0.4431593418121338, 0.3645707070827484","0.5379334092140198, 0.4250730872154236","0.4440279006958008, 0.42876482009887695","0.5212957262992859, 0.4835154414176941","0.4704152047634125, 0.48486870527267456","0.5403384566307068, 0.5927747488021851","0.4466642439365387, 0.5894937515258789","0.5208704471588135, 0.4812750816345215","0.45575594902038574, 0.48204922676086426","0.5602679252624512, 0.6931933164596558","0.41980043053627014, 0.690433919429779","0.4845142364501953, 0.33816277980804443",0.5377456545829773,0.35497796535491943,0.4431593418121338,0.3645707070827484,0.5212957262992859,0.4835154414176941,0.4704152047634125,0.48486870527267456,0.49045249819755554,0.3597743362188339,0.4958554655313492,0.4841920733451843,-92.48656547010353,Forward
0.2336448598130841,13.093317276490696,6.954502308001318,230.991633310167,166.91540273992635,160.84554547743323,204.20929052389403,179.83632206212002,182.4861526755465,"0.5375221967697144, 0.3550970256328583","0.4420611262321472, 0.3652172088623047","0.538017213344574, 0.4256726801395416","0.4437078535556793, 0.43156343698501587","0.5211759805679321, 0.4834772050380707","0.4695345461368561, 0.48487019538879395","0.5400553941726685, 0.5922915935516357","0.44647541642189026, 0.5882588028907776","0.5209931135177612, 0.4874662756919861","0.4533681869506836, 0.48960691690444946","0.5600443482398987, 0.693199634552002","0.41947850584983826, 0.6908100843429565","0.4839177131652832, 0.33830007910728455",0.5375221967697144,0.3550970256328583,0.4420611262321472,0.3652172088623047,0.5211759805679321,0.4834772050380707,0.4695345461368561,0.48487019538879395,0.4897916615009308,0.3601571172475815,0.4953552633523941,0.4841737002134323,-92.56866706746698,Forward
0.2670226969292389,13.461915073045049,7.144156523018676,232.29284792222572,167.79911406754528,160.89986335603734,204.17769583221076,179.74502979399176,182.57489678537024,"0.5376251339912415, 0.3557259440422058","0.44182005524635315, 0.367271363735199","0.5382339358329773, 0.43302401900291443","0.4437417984008789, 0.4369150996208191","0.5207129120826721, 0.4811086058616638","0.4677610397338867, 0.48211759328842163","0.5400745272636414, 0.5907108783721924","0.4466560482978821, 0.586012065410614","0.5208666324615479, 0.49716806411743164","0.45523601770401, 0.4962022304534912","0.5598743557929993, 0.6931959390640259","0.4193217158317566, 0.69098961353302","0.483955055475235, 0.33865031599998474",0.5376251339912415,0.3557259440422058,0.44182005524635315,0.367271363735199,0.5207129120826721,0.4811086058616638,0.4677610397338867,0.48211759328842163,0.4897225946187973,0.3614986538887024,0.4942369759082794,0.4816130995750427,-92.1523914823722,Forward
0.3004005340453938,13.419921111949211,7.621173580421447,231.81643772498444,168.4246483225485,161.09535173490778,204.1963239102816,179.60056164955702,182.63974073606465,"0.5376224517822266, 0.35600805282592773","0.44159650802612305, 0.36786970496177673","0.538417637348175, 0.4337557852268219","0.4437933564186096, 0.43801578879356384","0.5207124352455139, 0.48049798607826233","0.4677709639072418, 0.4820716381072998","0.5400906205177307, 0.5901945233345032","0.44656553864479065, 0.5857616662979126","0.5201214551925659, 0.4971638321876526","0.4589478373527527, 0.5021557807922363","0.5598622560501099, 0.693276047706604","0.4192773401737213, 0.6909278631210327","0.4834045469760895, 0.3386806845664978",0.5376224517822266,0.35600805282592773,0.44159650802612305,0.36786970496177673,0.5207124352455139,0.48049798607826233,0.4677709639072418,0.4820716381072998,0.4896094799041748,0.36193887889385223,0.49424169957637787,0.48128481209278107,-92.22272744219421,Forward
0.3337783711615487,13.05379327840182,8.360251685818518,229.7033903337265,168.77974997062185,161.4306290771638,204.25403430414048,179.40798942531876,182.6779983716352,"0.5361803770065308, 0.3558392822742462","0.4416080117225647, 0.36759889125823975","0.5387628674507141, 0.4261201322078705","0.443826287984848, 0.4293668866157532","0.5201197862625122, 0.48064732551574707","0.4671920835971832, 0.4821702837944031","0.5395475625991821, 0.5901229977607727","0.4464269280433655, 0.5855065584182739","0.5054091811180115, 0.46483463048934937","0.4586220383644104, 0.4582410454750061","0.5598633885383606, 0.6936173439025879","0.4187309145927429, 0.6907285451889038","0.4801550805568695, 0.3387470841407776",0.5361803770065308,0.3558392822742462,0.4416080117225647,0.36759889125823975,0.5201197862625122,0.48064732551574707,0.4671920835971832,0.4821702837944031,0.48889419436454773,0.361719086766243,0.4936559349298477,0.4814088046550751,-92.27825612556911,Forward
0.3671562082777036,12.449989457601498,9.336089044818792,226.09469336373556,168.85216347745109,161.9043138459248,204.3396865598212,179.17238491778,182.68698353608755,"0.5352361798286438, 0.35513556003570557","0.44165435433387756, 0.36758142709732056","0.5349557995796204, 0.4165499210357666","0.44541460275650024, 0.42779502272605896","0.5190520286560059, 0.4806562066078186","0.4668249487876892, 0.4821874499320984","0.5393854379653931, 0.5901563763618469","0.4455687403678894, 0.587057888507843","0.49305588006973267, 0.44693857431411743","0.45935606956481934, 0.46364283561706543","0.5598593950271606, 0.6937898397445679","0.41856446862220764, 0.6920267343521118","0.4799555242061615, 0.3381879925727844",0.5352361798286438,0.35513556003570557,0.44165435433387756,0.36758142709732056,0.5190520286560059,0.4806562066078186,0.4668249487876892,0.4821874499320984,0.4884452670812607,0.36135849356651306,0.49293848872184753,0.4814218282699585,-92.14322342363391,Forward
0.4005340453938584,11.694967534746878,10.523383863031166,221.1313344302949,168.62963330872202,162.51502450431005,204.4421402233575,178.89881992344365,182.6640100734272,"0.5328459143638611, 0.35508573055267334","0.4413754940032959, 0.36744076013565063","0.5385280847549438, 0.41542595624923706","0.44448143243789673, 0.4277195334434509","0.5186709761619568, 0.48037663102149963","0.46646827459335327, 0.48152440786361694","0.5392445921897888, 0.5892851948738098","0.44535622000694275, 0.5824184417724609","0.507978618144989, 0.44243431091308594","0.457639217376709, 0.46732717752456665","0.559829831123352, 0.6937890648841858","0.4184935688972473, 0.692005455493927","0.4802156984806061, 0.3382224142551422",0.5328459143638611,0.35508573055267334,0.4413754940032959,0.36744076013565063,0.5186709761619568,0.48037663102149963,0.46646827459335327,0.48152440786361694,0.4871107041835785,0.361263245344162,0.49256962537765503,0.4809505194425583,-92.61144331824923,Forward
0.4339118825100133,10.875185395036594,11.896834346064535,214.95430114868824,168.09990393012043,163.26137951543888,204.5502548407833,178.59236623881276,182.60639182765968,"0.531558096408844, 0.35517576336860657","0.4395875036716461, 0.3672204315662384","0.5386096835136414, 0.4223088324069977","0.44269514083862305, 0.43143296241760254","0.518217146396637, 0.4811399579048157","0.465548574924469, 0.48210445046424866","0.5392135977745056, 0.5893227458000183","0.4443166255950928, 0.583013117313385","0.5102381110191345, 0.44885191321372986","0.44637972116470337, 0.48164495825767517","0.5598698854446411, 0.6938554048538208","0.41843381524086, 0.6921697854995728","0.4784441590309143, 0.33826467394828796",0.531558096408844,0.35517576336860657,0.4395875036716461,0.3672204315662384,0.518217146396637,0.4811399579048157,0.465548574924469,0.48210445046424866,0.48557280004024506,0.3611980974674225,0.491882860660553,0.48162220418453217,-92.99947836349268,Forward
0.4672897196261682,10.077100923669262,13.431138699527786,207.704581134199,167.25071980733216,164.1419973424306,204.6528899581324,178.2580956603902,182.5114426427905,"0.5303652286529541, 0.3549964129924774","0.4377736449241638, 0.365439236164093","0.5406445860862732, 0.4223552644252777","0.4435606002807617, 0.4302380681037903","0.5178459882736206, 0.481153666973114","0.46485644578933716, 0.48214688897132874","0.5392097234725952, 0.5893658995628357","0.44407811760902405, 0.5836891531944275","0.5125414133071899, 0.43669813871383667","0.4503630995750427, 0.47328466176986694","0.5599268674850464, 0.693841814994812","0.41838201880455017, 0.6921981573104858","0.47766613960266113, 0.3383167088031769",0.5303652286529541,0.3549964129924774,0.4377736449241638,0.365439236164093,0.5178459882736206,0.481153666973114,0.46485644578933716,0.48214688897132874,0.48406943678855896,0.3602178245782852,0.4913512170314789,0.4816502779722214,-93.43167130348824,Forward
0.5006675567423231,9.387172005843524,15.100995129029824,199.52316200211052,166.06982540604295,165.1554964484045,204.73890512143856,177.90107998467906,182.3764763628253,"0.5296002626419067, 0.35528287291526794","0.4365595877170563, 0.3615981936454773","0.5407350659370422, 0.42244952917099","0.43805330991744995, 0.4225720763206482","0.5175186395645142, 0.4817391335964203","0.46352720260620117, 0.48241791129112244","0.5389405488967896, 0.5893130302429199","0.44325655698776245, 0.5859066843986511","0.5143736004829407, 0.4365905225276947","0.4411935806274414, 0.4342428743839264","0.5599175691604614, 0.6938377022743225","0.41837629675865173, 0.6921932101249695","0.4760434031486511, 0.33753544092178345",0.5296002626419067,0.35528287291526794,0.4365595877170563,0.3615981936454773,0.5175186395645142,0.4817391335964203,0.46352720260620117,0.48241791129112244,0.4830799251794815,0.3584405332803726,0.49052292108535767,0.48207852244377136,-93.44504317824753,Forward
0.5340453938584779,8.891856526758007,16.881101840179547,190.55103136770657,164.54496519193862,166.30049529647994,204.7971598767357,177.52639100818226,182.19880683176956,"0.5289106965065002, 0.3543373644351959","0.4364585280418396, 0.3616113066673279","0.5404959321022034, 0.4195571541786194","0.4386066496372223, 0.4249705374240875","0.5175082683563232, 0.4822796881198883","0.46370425820350647, 0.48392409086227417","0.5374333262443542, 0.5892881155014038","0.4429159164428711, 0.5880028009414673","0.5148653984069824, 0.43693581223487854","0.4450274109840393, 0.4291772246360779","0.5599238872528076, 0.6938387751579285","0.4183970093727112, 0.6921378970146179","0.47649240493774414, 0.33766672015190125",0.5289106965065002,0.3543373644351959,0.4364585280418396,0.3616113066673279,0.5175082683563232,0.4822796881198883,0.46370425820350647,0.48392409086227417,0.4826846122741699,0.3579743355512619,0.49060626327991486,0.48310188949108124,-93.62248147884841,Forward
0.5674232309746329,8.677612371611145,18.74615703858593,180.9291768462724,162.66388363070644,167.57561234977754,204.8165137700592,177.13910052740414,181.97574789363017,"0.5241950750350952, 0.3554157614707947","0.43662935495376587, 0.36158478260040283","0.5282158851623535, 0.42327815294265747","0.4384380877017975, 0.4253551959991455","0.516305685043335, 0.4824133515357971","0.46346989274024963, 0.4839564859867096","0.5357555747032166, 0.5892888903617859","0.4426344931125641, 0.58800208568573","0.48309844732284546, 0.44035619497299194","0.43002304434776306, 0.43659335374832153","0.559921383857727, 0.6943280696868896","0.41843000054359436, 0.6920464038848877","0.4768400192260742, 0.3385821580886841",0.5241950750350952,0.3554157614707947,0.43662935495376587,0.36158478260040283,0.516305685043335,0.4824133515357971,0.46346989274024963,0.4839564859867096,0.48041221499443054,0.35850027203559875,0.4898877888917923,0.48318491876125336,-94.34591452765957,Forward
0.6008010680907877,13.785776953492524,21.207181400898172,171.352734268084,156.0314039956972,168.71895433678532,205.0937770419777,176.79835592295362,181.64560876391812,"0.5181058049201965, 0.3589312434196472","0.4367060661315918, 0.3615841865539551","0.5141012072563171, 0.4272109568119049","0.4329269528388977, 0.42564159631729126","0.5154217481613159, 0.4825962483882904","0.46348434686660767, 0.4843129515647888","0.5350810289382935, 0.5892749428749084","0.44245100021362305, 0.5880085229873657","0.45364293456077576, 0.44238537549972534","0.43531614542007446, 0.43318066000938416","0.5599198937416077, 0.6946209669113159","0.41849079728126526, 0.6919644474983215","0.4745704233646393, 0.33585822582244873",0.5181058049201965,0.3589312434196472,0.4367060661315918,0.3615841865539551,0.5154217481613159,0.4825962483882904,0.46348434686660767,0.4843129515647888,0.47740593552589417,0.36025771498680115,0.4894530475139618,0.4834545999765396,-95.58505247600412,Forward
0.6341789052069425,19.07350253909094,23.913496992439875,161.63346229397894,148.25976681752178,170.0485064843104,204.92800048246795,176.48366034801944,181.29371541954907,"0.5155450105667114, 0.36052849888801575","0.43673762679100037, 0.3576841950416565","0.5003164410591125, 0.42540138959884644","0.4342450201511383, 0.4125869870185852","0.5151833891868591, 0.4824790358543396","0.4633289873600006, 0.4842057228088379","0.5338915586471558, 0.589203953742981","0.4424809515476227, 0.5876861810684204","0.4437023103237152, 0.4205370545387268","0.43028002977371216, 0.41932153701782227","0.5598613023757935, 0.6946744322776794","0.41863036155700684, 0.6917248964309692","0.469564288854599, 0.3333393931388855",0.5155450105667114,0.36052849888801575,0.43673762679100037,0.3576841950416565,0.5151833891868591,0.4824790358543396,0.4633289873600006,0.4842057228088379,0.4761413186788559,0.3591063469648361,0.48925618827342987,0.48334237933158875,-96.02606129494318,Forward
0.6675567423230975,24.02355659482713,25.54968892563026,154.9552971890305,140.21645363608863,171.77024568611756,204.6133706982389,176.13133897870554,180.7878020127171,"0.5112137198448181, 0.36069634556770325","0.43855205178260803, 0.35456758737564087","0.4932680130004883, 0.42110949754714966","0.43176475167274475, 0.3972429633140564","0.5144861936569214, 0.4828525185585022","0.4632248282432556, 0.48505669832229614","0.5336139798164368, 0.5891786813735962","0.4424712657928467, 0.5875991582870483","0.43265876173973083, 0.41838201880455017","0.42689618468284607, 0.42328110337257385","0.5598399043083191, 0.6950508952140808","0.4187377095222473, 0.6916133165359497","0.46747738122940063, 0.33266547322273254",0.5112137198448181,0.36069634556770325,0.43855205178260803,0.35456758737564087,0.5144861936569214,0.4828525185585022,0.4632248282432556,0.48505669832229614,0.4748828858137131,0.35763196647167206,0.4888555109500885,0.48395460844039917,-96.3118635972761,Forward
0.7009345794392523,27.686178443829142,25.773629632488152,144.40781549803395,142.79540382616,175.07150605668235,202.8153906587506,175.84096779990494,179.9603017187252,"0.5093854665756226, 0.3601427972316742","0.4382774233818054, 0.3537478446960449","0.4827868938446045, 0.4148140549659729","0.42775973677635193, 0.4006330370903015","0.5145410895347595, 0.48373860120773315","0.4636686444282532, 0.4869272708892822","0.5335596799850464, 0.5893087387084961","0.4425394535064697, 0.5874646902084351","0.4373445510864258, 0.4057275652885437","0.43109458684921265, 0.4040399193763733","0.5597535967826843, 0.6954181790351868","0.4188193380832672, 0.691483199596405","0.4641033709049225, 0.3260985016822815",0.5093854665756226,0.3601427972316742,0.4382774233818054,0.3537478446960449,0.5145410895347595,0.48373860120773315,0.4636686444282532,0.4869272708892822,0.473831444978714,0.35694532096385956,0.48910486698150635,0.4853329360485077,-96.78421427221842,Forward
0.7343124165554072,31.12651716480216,28.28676246683749,137.1511277680622,135.88293833887036,176.97604045019142,202.5798346165667,175.40660952525877,179.1657233088452,"0.5038858652114868, 0.3594048023223877","0.4369038939476013, 0.35413438081741333","0.49134817719459534, 0.41575202345848083","0.42200368642807007, 0.40474337339401245","0.5144649744033813, 0.48375803232192993","0.464078426361084, 0.4871174693107605","0.533342719078064, 0.5893104672431946","0.44264206290245056, 0.58737713098526","0.4378233850002289, 0.401386022567749","0.4272057116031647, 0.4127112329006195","0.5595253705978394, 0.6953926086425781","0.4188404083251953, 0.6913446187973022","0.4627459645271301, 0.3254562020301819",0.5038858652114868,0.3594048023223877,0.4369038939476013,0.35413438081741333,0.5144649744033813,0.48375803232192993,0.464078426361084,0.4871174693107605,0.47039487957954407,0.3567695915699005,0.48927170038223267,0.4854377508163452,-98.34628511925013,Forward
0.7676902536715621,35.710686127546175,29.35106529801776,126.95761778073992,130.39354832537705,180.49811426941545,200.9674950591008,174.8119868185496,178.23273019524876,"0.499499648809433, 0.3597428500652313","0.436196893453598, 0.35344892740249634","0.4858473837375641, 0.416442334651947","0.4093327522277832, 0.39974910020828247","0.5144332647323608, 0.48559755086898804","0.46465763449668884, 0.4895389676094055","0.5319929122924805, 0.5912578701972961","0.4429539144039154, 0.5882365107536316","0.4302901327610016, 0.39701229333877563","0.4346056580543518, 0.4036935269832611","0.5596274733543396, 0.6962845921516418","0.418884813785553, 0.691801905632019","0.4597710967063904, 0.317338764667511",0.499499648809433,0.3597428500652313,0.436196893453598,0.35344892740249634,0.5144332647323608,0.48559755086898804,0.46465763449668884,0.4895389676094055,0.4678482711315155,0.35659588873386383,0.48954544961452484,0.4875682592391968,-99.40632002435581,Forward
0.8010680907877169,40.03793413095324,30.87333256178837,115.6987197637858,133.1906648619746,183.85688550119667,199.6295410217257,174.19631437709293,177.00963798593122,"0.49621909856796265, 0.35965391993522644","0.4364253580570221, 0.3537939786911011","0.4723082184791565, 0.4153026044368744","0.41173291206359863, 0.39712125062942505","0.5142964124679565, 0.48555755615234375","0.4662995934486389, 0.4899233281612396","0.5302696228027344, 0.5918195247650146","0.4434255063533783, 0.588134229183197","0.4230748116970062, 0.3899703919887543","0.43545880913734436, 0.40339598059654236","0.5596791505813599, 0.6965161561965942","0.41900283098220825, 0.6918683052062988","0.45430946350097656, 0.32003989815711975",0.49621909856796265,0.35965391993522644,0.4364253580570221,0.3537939786911011,0.5142964124679565,0.48555755615234375,0.4662995934486389,0.4899233281612396,0.46632222831249237,0.35672394931316376,0.49029800295829773,0.4877404421567917,-100.37027612606038,Forward
0.8344459279038718,43.5393127613045,32.31842582395486,98.36779922757243,128.91669336651034,186.84470926210705,198.49933486411956,173.7173912024622,175.66021467996214,"0.4969843327999115, 0.35858675837516785","0.4358241558074951, 0.35300809144973755","0.4756701588630676, 0.41119280457496643","0.41297754645347595, 0.39074110984802246","0.5143231749534607, 0.4854194223880768","0.4674961566925049, 0.4904603362083435","0.5289103984832764, 0.5917668342590332","0.44384413957595825, 0.5881060361862183","0.4294959008693695, 0.39246857166290283","0.4408894181251526, 0.40492042899131775","0.5596991777420044, 0.6965186595916748","0.4190119206905365, 0.691846489906311","0.4561821520328522, 0.32166826725006104",0.4969843327999115,0.35858675837516785,0.4358241558074951,0.35300809144973755,0.5143231749534607,0.4854194223880768,0.4674961566925049,0.4904603362083435,0.4664042443037033,0.3557974249124527,0.4909096658229828,0.48793987929821014,-100.50597974741186,Forward
0.8678237650200267,46.12129363617685,33.60191602758222,84.27723820288351,128.55302600646917,189.2767456039049,197.48968714204747,173.36689561798485,174.5186048549738,"0.4936056137084961, 0.3597583770751953","0.4358886182308197, 0.3531953692436218","0.4631332457065582, 0.4087969660758972","0.40813636779785156, 0.38541316986083984","0.5140863656997681, 0.48630291223526","0.468273788690567, 0.49118027091026306","0.5285571813583374, 0.5930867791175842","0.4438566565513611, 0.5880948305130005","0.4162418246269226, 0.3791792392730713","0.40070247650146484, 0.3962244391441345","0.5597527623176575, 0.6965764164924622","0.4190303683280945, 0.6918420791625977","0.4530978798866272, 0.3193189203739166",0.4936056137084961,0.3597583770751953,0.4358886182308197,0.3531953692436218,0.5140863656997681,0.48630291223526,0.468273788690567,0.49118027091026306,0.4647471159696579,0.35647687315940857,0.49118007719516754,0.48874159157276154,-101.3016089586274,Forward
0.9012016021361816,48.65093194018922,34.54690413619994,73.66227530313415,128.02847538857137,191.3743286412881,196.69180385389743,173.1034578162353,173.52795356341292,"0.4879573881626129, 0.3546076714992523","0.4359382688999176, 0.35217997431755066","0.46583014726638794, 0.4038941264152527","0.41113752126693726, 0.38718685507774353","0.5133448243141174, 0.48622751235961914","0.4685036242008209, 0.49123603105545044","0.5284053683280945, 0.5931892991065979","0.4438575208187103, 0.5880643725395203","0.421165406703949, 0.38151004910469055","0.4104033410549164, 0.394026517868042","0.5598443746566772, 0.6965631246566772","0.41913509368896484, 0.6914819478988647","0.4528374671936035, 0.31594282388687134",0.4879573881626129,0.3546076714992523,0.4359382688999176,0.35217997431755066,0.5133448243141174,0.48622751235961914,0.4685036242008209,0.49123603105545044,0.46194782853126526,0.3533938229084015,0.4909242242574692,0.4887317717075348,-102.08480214579822,Forward
0.9345794392523364,50.52576020061596,35.02447014744767,65.94361655189971,126.35592776483136,193.0816696473565,196.15485570113265,173.08459906526892,172.6529614447645,"0.48323893547058105, 0.35480406880378723","0.4438621997833252, 0.3522877097129822","0.44904953241348267, 0.39836636185646057","0.42513376474380493, 0.38607487082481384","0.5074731111526489, 0.4864848554134369","0.47511568665504456, 0.4916289746761322","0.5268770456314087, 0.5934438109397888","0.4441685080528259, 0.5884186029434204","0.41589316725730896, 0.3790097236633301","0.4383898377418518, 0.3942117393016815","0.559859573841095, 0.6969116926193237","0.4191690981388092, 0.6913068890571594","0.4511025846004486, 0.30902189016342163",0.48323893547058105,0.35480406880378723,0.4438621997833252,0.3522877097129822,0.5074731111526489,0.4864848554134369,0.47511568665504456,0.4916289746761322,0.4635505676269531,0.3535458892583847,0.49129439890384674,0.48905691504478455,-101.57054688875492,Forward
0.9679572763684912,51.29334102776369,35.425024174399894,67.21348720820171,126.3378155276624,194.56627889926733,195.64325292901063,173.3103114543895,172.0925402234186,"0.4357209801673889, 0.35408538579940796","0.48942846059799194, 0.34829026460647583","0.3901306390762329, 0.35886186361312866","0.47944894433021545, 0.3876610994338989","0.4780556261539459, 0.49117860198020935","0.5130979418754578, 0.4901599884033203","0.44845762848854065, 0.5921069979667664","0.522548258304596, 0.5924867987632751","0.37689900398254395, 0.34590110182762146","0.4389159679412842, 0.3889288604259491","0.4254181385040283, 0.693117618560791","0.5554062128067017, 0.6981254816055298","0.44839316606521606, 0.3076034486293793",0.4357209801673889,0.35408538579940796,0.48942846059799194,0.34829026460647583,0.4780556261539459,0.49117860198020935,0.5130979418754578,0.4901599884033203,0.46257472038269043,0.3511878252029419,0.49557678401470184,0.49066929519176483,-103.31168663351716,Forward
1.0013351134846462,51.19909525892259,34.051616238585005,64.8302260363085,125.59556924607914,195.65243898156368,195.49287032144693,173.4802859414635,171.9639228859537,"0.4283389449119568, 0.3534199595451355","0.49406665563583374, 0.34393399953842163","0.422128826379776, 0.37524673342704773","0.492351770401001, 0.38756033778190613","0.473069965839386, 0.49439746141433716","0.5163474082946777, 0.4901406764984131","0.44337359070777893, 0.5919113755226135","0.528110682964325, 0.5958021879196167","0.42298927903175354, 0.3479386568069458","0.4548977017402649, 0.38487905263900757","0.4196202754974365, 0.6915065050125122","0.5613831281661987, 0.7008308172225952","0.4484728276729584, 0.3068849444389343",0.4283389449119568,0.3534199595451355,0.49406665563583374,0.34393399953842163,0.473069965839386,0.49439746141433716,0.5163474082946777,0.4901406764984131,0.46120280027389526,0.34867697954177856,0.49470868706703186,0.4922690689563751,-103.13442566959905,Forward
1.034712950600801,51.09476398514458,33.715840125001705,64.631781258088,126.72044110958304,196.41058685455124,195.4479457271864,173.96317921527017,172.09165696630302,"0.4295521676540375, 0.3528253138065338","0.5072177648544312, 0.3417375087738037","0.4177510738372803, 0.3831699788570404","0.4888027608394623, 0.38660457730293274","0.47357454895973206, 0.49503883719444275","0.5154911875724792, 0.48996224999427795","0.4432291090488434, 0.5917753577232361","0.5282803177833557, 0.5973182320594788","0.4202299118041992, 0.36523449420928955","0.4499928951263428, 0.3842178285121918","0.41891947388648987, 0.69102543592453","0.5612103343009949, 0.7017949223518372","0.44958630204200745, 0.3085611164569855",0.4295521676540375,0.3528253138065338,0.5072177648544312,0.3417375087738037,0.47357454895973206,0.49503883719444275,0.5154911875724792,0.48996224999427795,0.4683849662542343,0.34728141129016876,0.49453286826610565,0.49250054359436035,-100.20720611497626,Forward
1.068090787716956,50.83506130519778,33.598745975237705,69.67687599222191,130.84248969476448,196.7846081701166,195.6957432365811,174.4426523828135,172.59278916124953,"0.4600999355316162, 0.3479601740837097","0.476793110370636, 0.34249168634414673","0.41903719305992126, 0.3836711049079895","0.445894718170166, 0.38175198435783386","0.49808335304260254, 0.4943004548549652","0.49064764380455017, 0.49506258964538574","0.5155265927314758, 0.598396360874176","0.4554409086704254, 0.5967868566513062","0.4256017208099365, 0.3654038906097412","0.4425732493400574, 0.37412601709365845","0.5480625033378601, 0.6952900290489197","0.4319945275783539, 0.6967405080795288","0.4502374231815338, 0.3077944815158844",0.4600999355316162,0.3479601740837097,0.476793110370636,0.34249168634414673,0.49808335304260254,0.4943004548549652,0.49064764380455017,0.49506258964538574,0.4684465229511261,0.3452259302139282,0.49436549842357635,0.4946815222501755,-99.8385286087724,Forward
1.1014686248331107,50.17766856997764,31.153373362490285,73.54120127348737,134.15678397698375,197.2518164914216,195.9532270910481,175.24847991355193,173.17358955799335,"0.48392534255981445, 0.3486603796482086","0.4476166367530823, 0.34805089235305786","0.45034608244895935, 0.3786769211292267","0.4205015301704407, 0.36620157957077026","0.5086158514022827, 0.49384766817092896","0.4826876223087311, 0.49660712480545044","0.5258053541183472, 0.6000342965126038","0.4468715190887451, 0.5954946279525757","0.4469277858734131, 0.35341304540634155","0.43929323554039, 0.3500419557094574","0.5582720637321472, 0.6962053179740906","0.4214056134223938, 0.6942754983901978","0.4540884494781494, 0.3123469948768616",0.48392534255981445,0.3486603796482086,0.4476166367530823,0.34805089235305786,0.5086158514022827,0.49384766817092896,0.4826876223087311,0.49660712480545044,0.46577098965644836,0.34835563600063324,0.4956517368555069,0.4952273964881897,-101.49975643655722,Forward
1.1348464619492658,47.66771797007348,28.284859266742192,76.36643537151748,134.21062427730033,197.34629725730576,195.9971114475187,176.10330670239142,174.05437798357423,"0.43915849924087524, 0.3491928279399872","0.4978823661804199, 0.3466421961784363","0.42037519812583923, 0.3433872163295746","0.4869416654109955, 0.37309449911117554","0.48621439933776855, 0.4951699674129486","0.5074819326400757, 0.4955495297908783","0.4514543414115906, 0.5969462990760803","0.5196726322174072, 0.5992069840431213","0.42104092240333557, 0.29320579767227173","0.4712010324001312, 0.3645894229412079","0.42682427167892456, 0.6941827535629272","0.5528671145439148, 0.7003630995750427","0.4541526436805725, 0.30931147933006287",0.43915849924087524,0.3491928279399872,0.4978823661804199,0.3466421961784363,0.48621439933776855,0.4951699674129486,0.5074819326400757,0.4955495297908783,0.4685204327106476,0.34791751205921173,0.4968481659889221,0.49535974860191345,-100.87558002130949,Forward
1.1682242990654206,43.57929710309038,19.9080672223048,75.92153646970019,135.42004911804258,197.1317987933521,196.09366134124568,176.92054731047054,175.25193316705187,"0.4436727464199066, 0.35019582509994507","0.49628013372421265, 0.34273529052734375","0.42506423592567444, 0.4089169502258301","0.48983877897262573, 0.3835502862930298","0.4804916977882385, 0.49703869223594666","0.5086470246315002, 0.49522075057029724","0.4453664720058441, 0.5950270891189575","0.5243200659751892, 0.599578857421875","0.44715118408203125, 0.4229251444339752","0.490650475025177, 0.41504010558128357","0.4183739125728607, 0.693866491317749","0.5607125759124756, 0.7026233673095703","0.4537678360939026, 0.30543053150177",0.4436727464199066,0.35019582509994507,0.49628013372421265,0.34273529052734375,0.4804916977882385,0.49703869223594666,0.5086470246315002,0.49522075057029724,0.46997644007205963,0.3464655578136444,0.4945693612098694,0.49612972140312195,-99.3314918626035,Forward
1.2016021361815754,40.409384619524566,16.194597224818228,78.31914357958973,132.70047625809113,196.49818002361425,196.2506728547664,177.8099050951283,177.28087420553248,"0.4340129792690277, 0.35073167085647583","0.4988909661769867, 0.3431946635246277","0.4317505955696106, 0.4119485914707184","0.5019441246986389, 0.3973386883735657","0.48022037744522095, 0.4982221722602844","0.5160731077194214, 0.49497947096824646","0.44415807723999023, 0.5944231748580933","0.5268145799636841, 0.600064754486084","0.45069289207458496, 0.4162726402282715","0.4831792414188385, 0.42779192328453064","0.41824084520339966, 0.693811297416687","0.5614587068557739, 0.7037671804428101","0.45515212416648865, 0.30859512090682983",0.4340129792690277,0.35073167085647583,0.4988909661769867,0.3431946635246277,0.48022037744522095,0.4982221722602844,0.5160731077194214,0.49497947096824646,0.4664519727230072,0.34696316719055176,0.49814674258232117,0.49660082161426544,-101.95907469613174,Forward
1.2349799732977302,40.654184425842864,10.963231643665694,77.77132744135133,136.37193787007652,195.6368831803169,196.4609956687156,176.58419304457192,181.1584879010038,"0.4355754852294922, 0.3529701232910156","0.5054984092712402, 0.34359508752822876","0.43473416566848755, 0.40884241461753845","0.4911886751651764, 0.3900849223136902","0.478583425283432, 0.5012505054473877","0.5195249319076538, 0.49562448263168335","0.4445033669471741, 0.5933976769447327","0.5303753614425659, 0.6015689373016357","0.439240038394928, 0.3900510370731354","0.480987012386322, 0.3904401659965515","0.4181879460811615, 0.6937229633331299","0.5615886449813843, 0.704321026802063","0.45599713921546936, 0.31143882870674133",0.4355754852294922,0.3529701232910156,0.5054984092712402,0.34359508752822876,0.478583425283432,0.5012505054473877,0.5195249319076538,0.49562448263168335,0.4705369472503662,0.3482826054096222,0.4990541785955429,0.4984374940395355,-100.75347489357421,Forward
1.268357810413885,41.18636424845308,15.71863116837007,81.14990198024782,135.14512934042318,194.5750822478038,196.8555521371676,175.77248022404024,184.6334914872566,"0.4934409260749817, 0.34894779324531555","0.44292059540748596, 0.3496500551700592","0.4618905186653137, 0.3971550166606903","0.41684746742248535, 0.37967759370803833","0.5146409869194031, 0.49750202894210815","0.4852660298347473, 0.4965692162513733","0.5266894698143005, 0.597122848033905","0.4527730941772461, 0.5945938229560852","0.4387276768684387, 0.382146418094635","0.4300572872161865, 0.36122867465019226","0.5517755746841431, 0.6962496042251587","0.4273521304130554, 0.6977499723434448","0.4508577883243561, 0.30905213952064514",0.4934409260749817,0.34894779324531555,0.44292059540748596,0.3496500551700592,0.5146409869194031,0.49750202894210815,0.4852660298347473,0.4965692162513733,0.4681807607412338,0.3492989242076874,0.4999535083770752,0.4970356225967407,-102.13734883681254,Forward
1.30173564753004,41.39745978999565,19.584948887530537,84.28034965375005,131.51327833402368,193.46987322297116,197.27406274199444,175.51555493443664,187.61464714869115,"0.4445785880088806, 0.3542596995830536","0.5041383504867554, 0.35007569193840027","0.42212843894958496, 0.40020233392715454","0.5121917724609375, 0.40504831075668335","0.4876321852207184, 0.4979497790336609","0.5178277492523193, 0.49622541666030884","0.4569057524204254, 0.5962705016136169","0.5292109847068787, 0.5965424180030823","0.43039003014564514, 0.38455045223236084","0.49904146790504456, 0.42343220114707947","0.43274155259132385, 0.6957684755325317","0.55091392993927, 0.7025040984153748","0.45554789900779724, 0.3076764941215515",0.4445785880088806,0.3542596995830536,0.5041383504867554,0.35007569193840027,0.4876321852207184,0.4979497790336609,0.5178277492523193,0.49622541666030884,0.474358469247818,0.35216769576072693,0.5027299672365189,0.49708759784698486,-101.07690580833088,Forward
1.335113484646195,40.61390732245753,23.745313865165716,87.28822008444355,129.7692799196485,192.2076861786172,197.19494552399723,177.89091365324293,188.9900844233156,"0.502620279788971, 0.3571940064430237","0.4561050534248352, 0.35766735672950745","0.5001407265663147, 0.42491260170936584","0.4413227438926697, 0.4016713500022888","0.518286943435669, 0.49783721566200256","0.4898114800453186, 0.4963061213493347","0.5371443033218384, 0.5960498452186584","0.45818614959716797, 0.5958172082901001","0.4515379071235657, 0.3902457654476166","0.42564329504966736, 0.4096553921699524","0.5535656213760376, 0.6981266736984253","0.4278416633605957, 0.6976529359817505","0.44811439514160156, 0.3201380968093872",0.502620279788971,0.3571940064430237,0.4561050534248352,0.35766735672950745,0.518286943435669,0.49783721566200256,0.4898114800453186,0.4963061213493347,0.4793626666069031,0.35743068158626556,0.5040492117404938,0.49707166850566864,-100.02549433045982,Forward
1.3684913217623498,39.49087775158003,27.53497133731988,91.20668807113248,126.85760835341829,190.89963131736,197.2013281991661,179.9695621392103,190.3305901777119,"0.5213896036148071, 0.357401967048645","0.44551897048950195, 0.3669809401035309","0.5269895792007446, 0.4270748496055603","0.4430064260959625, 0.4287465512752533","0.5289992690086365, 0.4969247877597809","0.48373764753341675, 0.49623623490333557","0.5485390424728394, 0.596132218837738","0.4603041112422943, 0.5958278179168701","0.4781610071659088, 0.42650699615478516","0.4379057288169861, 0.4201388359069824","0.5598392486572266, 0.6980074048042297","0.42154350876808167, 0.6917641758918762","0.45768603682518005, 0.32870495319366455",0.5213896036148071,0.357401967048645,0.44551897048950195,0.3669809401035309,0.5289992690086365,0.4969247877597809,0.48373764753341675,0.49623623490333557,0.48345428705215454,0.36219145357608795,0.5063684582710266,0.4965805113315582,-99.67623294912491,Forward
1.4018691588785046,38.49684778743587,31.280215027221185,97.77887762715064,121.66793190653004,189.55186767324057,197.1827705597401,181.5762265128808,192.15114391256407,"0.5299358367919922, 0.35512450337409973","0.44070497155189514, 0.369464635848999","0.5255171060562134, 0.4189874529838562","0.4457789957523346, 0.42563891410827637","0.5355551242828369, 0.4926813244819641","0.48576682806015015, 0.4947895109653473","0.5524605512619019, 0.5935066938400269","0.46889185905456543, 0.5957783460617065","0.48946547508239746, 0.4259161353111267","0.4393281936645508, 0.4500052034854889","0.5612820982933044, 0.6975823640823364","0.42314690351486206, 0.6871463060379028","0.46773117780685425, 0.34601083397865295",0.5299358367919922,0.35512450337409973,0.44070497155189514,0.369464635848999,0.5355551242828369,0.4926813244819641,0.48576682806015015,0.4947895109653473,0.48532040417194366,0.3622945696115494,0.5106609761714935,0.4937354177236557,-100.91221153743025,Forward
1.4352469959946594,36.97706557810586,35.67963365971812,104.55427321365198,116.4463450172243,188.21567645738943,197.4566559910608,182.64923875433465,194.0011207469356,"0.5215563774108887, 0.3444763720035553","0.44144415855407715, 0.37115904688835144","0.5420594215393066, 0.39453428983688354","0.44947752356529236, 0.41827306151390076","0.5382455587387085, 0.48908501863479614","0.48812395334243774, 0.4931727349758148","0.5541360378265381, 0.5926423072814941","0.4729324281215668, 0.5968233942985535","0.5303748250007629, 0.4161433279514313","0.4819882810115814, 0.43039727210998535","0.5605632066726685, 0.6974369883537292","0.42495235800743103, 0.6853699088096619","0.46806949377059937, 0.3384268581867218",0.5215563774108887,0.3444763720035553,0.44144415855407715,0.37115904688835144,0.5382455587387085,0.48908501863479614,0.48812395334243774,0.4931727349758148,0.4815002679824829,0.35781770944595337,0.5131847560405731,0.4911288768053055,-103.36961034236809,Forward
1.4686248331108145,35.62777959445524,40.66683718025929,111.78597725859048,112.33195511360428,186.8999313642805,197.9416457395015,183.2315718996367,195.9386760964483,"0.5096596479415894, 0.35343390703201294","0.4478822648525238, 0.37639421224594116","0.5256670713424683, 0.41826510429382324","0.4561459422111511, 0.4265329837799072","0.5328535437583923, 0.49302586913108826","0.49442535638809204, 0.4961423873901367","0.5515598058700562, 0.5929635763168335","0.48174262046813965, 0.5975767970085144","0.526540219783783, 0.46106570959091187","0.5076119303703308, 0.4492200016975403","0.5589165687561035, 0.6978878378868103","0.4281596541404724, 0.6855300068855286","0.4700416624546051, 0.33824023604393005",0.5096596479415894,0.35343390703201294,0.4478822648525238,0.37639421224594116,0.5328535437583923,0.49302586913108826,0.49442535638809204,0.4961423873901367,0.4787709563970566,0.36491405963897705,0.5136394500732422,0.4945841282606125,-105.05090333351632,Forward
1.502002670226969,33.02186553064471,45.943892724433056,122.76814549389486,108.72716904694366,185.5747273611457,198.65061407378175,183.41773949666677,197.9571820373014,"0.5154138803482056, 0.35393354296684265","0.45103150606155396, 0.37334996461868286","0.517830491065979, 0.4118671417236328","0.4563269019126892, 0.426870197057724","0.5386604070663452, 0.4933759570121765","0.49830418825149536, 0.49600714445114136","0.5520156025886536, 0.5932355523109436","0.49165552854537964, 0.5978000164031982","0.5109730958938599, 0.45411863923072815","0.4913783073425293, 0.45960408449172974","0.5592023730278015, 0.6978273391723633","0.4324619770050049, 0.6834931373596191","0.46825146675109863, 0.33388668298721313",0.5154138803482056,0.35393354296684265,0.45103150606155396,0.37334996461868286,0.5386604070663452,0.4933759570121765,0.49830418825149536,0.49600714445114136,0.48322269320487976,0.36364175379276276,0.5184822976589203,0.49469155073165894,-105.0590981054335,Forward
1.535380507343124,31.97459778192409,51.24393924958254,129.66985643499518,102.04855292521212,183.8398823913145,199.93516173783928,181.88334025256043,201.35188571783365,"0.517646074295044, 0.3544687330722809","0.4521966576576233, 0.3712281882762909","0.542170524597168, 0.4057368338108063","0.4763333201408386, 0.411517858505249","0.5345283150672913, 0.4925946593284607","0.5047439336776733, 0.4943886697292328","0.5468410849571228, 0.5932410359382629","0.4980875551700592, 0.5974653959274292","0.5397473573684692, 0.3930254578590393","0.5257800817489624, 0.399726927280426","0.5587939023971558, 0.697726309299469","0.4342954158782959, 0.6832283735275269","0.47195759415626526, 0.3236832618713379",0.517646074295044,0.3544687330722809,0.4521966576576233,0.3712281882762909,0.5345283150672913,0.4925946593284607,0.5047439336776733,0.4943886697292328,0.4849213659763336,0.3628484606742859,0.5196361243724823,0.49349166452884674,-104.88086712714643,Forward
1.568758344459279,33.200601823419305,55.98841047582479,139.37070698249192,102.9018787890431,183.69973500737493,200.2025583283619,180.670474247078,203.85253629189987,"0.4995976388454437, 0.35897859930992126","0.48299533128738403, 0.36128485202789307","0.5336777567863464, 0.3892759084701538","0.5239847898483276, 0.3850421905517578","0.5300671458244324, 0.4953679144382477","0.5153521299362183, 0.49261587858200073","0.5460653901100159, 0.5936734080314636","0.5022961497306824, 0.597493052482605","0.561874270439148, 0.37635940313339233","0.5616790056228638, 0.36896854639053345","0.5554062128067017, 0.6976740956306458","0.4355948865413666, 0.6825395822525024","0.4900481700897217, 0.3142626881599426",0.4995976388454437,0.35897859930992126,0.48299533128738403,0.36128485202789307,0.5300671458244324,0.4953679144382477,0.5153521299362183,0.49261587858200073,0.4912964850664139,0.36013172566890717,0.5227096378803253,0.4939918965101242,-103.2067074642488,Forward
1.6021361815754338,31.87243391680413,60.35978192425438,149.4887394991537,98.02328396870833,183.92654487394208,200.1429855244062,179.77813541772878,205.8524535772317,"0.5011976957321167, 0.35854411125183105","0.47854796051979065, 0.3579180836677551","0.5309780836105347, 0.39116543531417847","0.4982434809207916, 0.386039674282074","0.5293505787849426, 0.4949294626712799","0.5133839845657349, 0.49226051568984985","0.5409842133522034, 0.594203531742096","0.5028645992279053, 0.5976687669754028","0.5449802279472351, 0.377865731716156","0.5268102884292603, 0.37253040075302124","0.5547894239425659, 0.6976154446601868","0.43561750650405884, 0.6817082762718201","0.48808369040489197, 0.31401729583740234",0.5011976957321167,0.35854411125183105,0.47854796051979065,0.3579180836677551,0.5293505787849426,0.4949294626712799,0.5133839845657349,0.49226051568984985,0.4898728281259537,0.3582310974597931,0.5213672816753387,0.4935949891805649,-103.09770693158121,Forward
1.6355140186915886,30.325689785463503,65.84544458587936,157.54722697495902,93.68583587408864,184.65277869470563,199.45400498593267,180.9033611435384,205.68529258089973,"0.4745425581932068, 0.3705313801765442","0.5141417980194092, 0.3552033007144928","0.4652117192745209, 0.41764068603515625","0.5140819549560547, 0.3900389075279236","0.5179457664489746, 0.4948909878730774","0.5261634588241577, 0.4921416640281677","0.5370553731918335, 0.5945184230804443","0.5095423460006714, 0.5977703928947449","0.473849356174469, 0.380484938621521","0.5158914923667908, 0.38427838683128357","0.5552100539207458, 0.6976356506347656","0.4354671835899353, 0.6810334324836731","0.4836828112602234, 0.31506168842315674",0.4745425581932068,0.3705313801765442,0.5141417980194092,0.3552033007144928,0.5179457664489746,0.4948909878730774,0.5261634588241577,0.4921416640281677,0.494342178106308,0.3628673404455185,0.5220546126365662,0.49351632595062256,-101.97571838686292,Forward
1.6688918558077437,33.071265075651425,73.61503371758131,165.6568636134975,85.10343500198789,185.0582688664773,199.14914219916747,180.3209431525436,206.2562087856044,"0.522005021572113, 0.35448864102363586","0.5003851056098938, 0.35616159439086914","0.5360500812530518, 0.3725384771823883","0.463472455739975, 0.3856256604194641","0.5298115015029907, 0.4943455159664154","0.5202842950820923, 0.49215108156204224","0.5362414121627808, 0.5943448543548584","0.5133234262466431, 0.5964527130126953","0.5387736558914185, 0.35009801387786865","0.4846470355987549, 0.37034347653388977","0.5530864596366882, 0.6946890950202942","0.4362339377403259, 0.6771752238273621","0.4920545518398285, 0.3157065808773041",0.522005021572113,0.35448864102363586,0.5003851056098938,0.35616159439086914,0.5298115015029907,0.4943455159664154,0.5202842950820923,0.49215108156204224,0.5111950635910034,0.3553251177072525,0.5250478982925415,0.4932482987642288,-95.7354828333686,Forward
1.7022696929238983,35.89803500994948,81.11705840215569,173.3192848215185,76.52571768281081,185.56627795725743,198.82524715606397,179.72493319144635,206.5901391980076,"0.531134307384491, 0.34313198924064636","0.4837415814399719, 0.35571128129959106","0.5597625374794006, 0.347870409488678","0.44305211305618286, 0.3778643012046814","0.5350404977798462, 0.49141940474510193","0.5191473960876465, 0.4904765188694","0.5354233384132385, 0.5942193865776062","0.5146303772926331, 0.595530092716217","0.5657127499580383, 0.3254503607749939","0.4619552195072174, 0.3640345335006714","0.5519791841506958, 0.6943039894104004","0.4363933503627777, 0.6746930480003357","0.49397411942481995, 0.31193095445632935",0.531134307384491,0.34313198924064636,0.4837415814399719,0.35571128129959106,0.5350404977798462,0.49141940474510193,0.5191473960876465,0.4904765188694,0.5074379444122314,0.3494216352701187,0.5270939469337463,0.490947961807251,-97.90699123235234,Forward
1.7356475300400531,38.69811301076594,88.1808078485418,180.4059665518208,68.11880058502564,186.1631565365939,198.49417944608865,179.1380159274235,206.6865516297516,"0.5344506502151489, 0.3386637270450592","0.48228973150253296, 0.3559853434562683","0.5604287385940552, 0.32385432720184326","0.44583314657211304, 0.3427320420742035","0.5378835201263428, 0.4874292314052582","0.5185797810554504, 0.48856741189956665","0.5349709987640381, 0.5928707718849182","0.516511082649231, 0.5937055349349976","0.5604363679885864, 0.32066625356674194","0.4740036129951477, 0.3168775141239166","0.5518473386764526, 0.6943718194961548","0.4362606108188629, 0.6736117005348206","0.4996104836463928, 0.319790780544281",0.5344506502151489,0.3386637270450592,0.48228973150253296,0.3559853434562683,0.5378835201263428,0.4874292314052582,0.5185797810554504,0.48856741189956665,0.5083701908588409,0.34732453525066376,0.5282316505908966,0.4879983216524124,-98.03636205232259,Forward
1.7690253671562082,41.363612500509326,94.63557126567974,186.7883847572047,60.04880037710123,186.83525517403612,198.16779865870956,178.58287602765313,206.54491389247997,"0.5258217453956604, 0.3477652668952942","0.490752637386322, 0.3501158356666565","0.5380927324295044, 0.34385207295417786","0.4883139133453369, 0.3298129141330719","0.5373901128768921, 0.48769086599349976","0.5233851671218872, 0.4887942671775818","0.5298341512680054, 0.5928512215614319","0.5190128087997437, 0.5935292840003967","0.5355327725410461, 0.32768514752388","0.536197304725647, 0.3121755123138428","0.5502434968948364, 0.6944187879562378","0.46437835693359375, 0.6747453212738037","0.5041043758392334, 0.3203774094581604",0.5258217453956604,0.3477652668952942,0.490752637386322,0.3501158356666565,0.5373901128768921,0.48769086599349976,0.5233851671218872,0.4887942671775818,0.5082871913909912,0.34894055128097534,0.5303876399993896,0.48824256658554077,-99.0149162649607,Forward
1.802403204272363,43.7866469015881,100.31063786250944,192.3380153904705,52.48183372750656,187.56892443913364,197.85796438339472,178.0821981593134,206.1646937978364,"0.5285569429397583, 0.34853821992874146","0.4920913279056549, 0.3477570414543152","0.5150465369224548, 0.3726530373096466","0.4734172224998474, 0.34546607732772827","0.5366567373275757, 0.4881978929042816","0.5260815024375916, 0.48888880014419556","0.5224018692970276, 0.5926592350006104","0.5250030755996704, 0.5912528038024902","0.5016161203384399, 0.37278884649276733","0.5036213397979736, 0.3466046154499054","0.4459626078605652, 0.6707467436790466","0.5462228059768677, 0.6894921660423279","0.5123361945152283, 0.3082816004753113",0.5285569429397583,0.34853821992874146,0.4920913279056549,0.3477570414543152,0.5366567373275757,0.4881978929042816,0.5260815024375916,0.48888880014419556,0.5103241354227066,0.3481476306915283,0.5313691198825836,0.4885433465242386,-98.52502897995481,Forward
1.835781041388518,45.859329636410905,105.03529684797108,196.92633440441836,45.5840173047105,188.35051490143584,197.5765362096122,177.6586669895824,205.54535915746456,"0.5243388414382935, 0.3486754596233368","0.5065028071403503, 0.34403112530708313","0.5131114721298218, 0.3937026560306549","0.48529762029647827, 0.37437719106674194","0.5356543064117432, 0.4877546429634094","0.5292270183563232, 0.488798052072525","0.5196759700775146, 0.592648446559906","0.5311456918716431, 0.590485692024231","0.5062944293022156, 0.41272133588790894","0.5031911134719849, 0.39111971855163574","0.4398762285709381, 0.6672378182411194","0.553240180015564, 0.6940658688545227","0.5179023742675781, 0.2965008020401001",0.5243388414382935,0.3486754596233368,0.5065028071403503,0.34403112530708313,0.5356543064117432,0.4877546429634094,0.5292270183563232,0.488798052072525,0.5154208242893219,0.34635329246520996,0.5324406623840332,0.4882763475179672,-96.83842405204837,Forward
1.8691588785046729,47.47377412738638,108.6388374310046,200.4248177518484,39.52146777718198,189.1663771304922,197.33537372683008,177.33496718563825,204.6863777830081,"0.5388572812080383, 0.3481783866882324","0.5038329362869263, 0.3529098331928253","0.5138794779777527, 0.4023893475532532","0.4553808271884918, 0.3895500600337982","0.5397965908050537, 0.4857446551322937","0.5270010232925415, 0.4866412281990051","0.5192333459854126, 0.5925701260566711","0.5342530012130737, 0.5905682444572449","0.4848257601261139, 0.41639071702957153","0.4629487991333008, 0.4082299768924713","0.43686455488204956, 0.6702443957328796","0.5531944036483765, 0.6949353814125061","0.5131590366363525, 0.3158110976219177",0.5388572812080383,0.3481783866882324,0.5038329362869263,0.3529098331928253,0.5397965908050537,0.4857446551322937,0.5270010232925415,0.4866412281990051,0.5213451087474823,0.35054410994052887,0.5333988070487976,0.4861929416656494,-95.07794178075557,Forward
1.902536715620828,48.522093796923,110.95054882054998,202.7049413855609,34.460301813389805,190.0028616958522,197.14633652451627,177.13378341465912,203.58721748611077,"0.5393245220184326, 0.3458929657936096","0.497252881526947, 0.3529278635978699","0.5145952105522156, 0.39781492948532104","0.4598020613193512, 0.39065882563591003","0.5433838367462158, 0.48124536871910095","0.526305079460144, 0.4816463887691498","0.5197410583496094, 0.5912967920303345","0.515945553779602, 0.5873211026191711","0.48472151160240173, 0.40254703164100647","0.47473984956741333, 0.3967176079750061","0.540560245513916, 0.6863654851913452","0.44737181067466736, 0.6821072101593018","0.5076388716697693, 0.3177661597728729",0.5393245220184326,0.3458929657936096,0.497252881526947,0.3529278635978699,0.5433838367462158,0.48124536871910095,0.526305079460144,0.4816463887691498,0.5182887017726898,0.34941041469573975,0.5348444581031799,0.48144587874412537,-97.14694402642134,Forward
1.9359145527369823,48.89640206742925,111.79972022554723,203.638181258356,30.566636081802955,190.84631916706527,197.0212841921389,177.07780034382313,202.2473460784161,"0.5364093780517578, 0.34448397159576416","0.49550098180770874, 0.35182636976242065","0.5150753855705261, 0.3932510018348694","0.4604075849056244, 0.3657117486000061","0.544160008430481, 0.4823433458805084","0.5271097421646118, 0.48241525888442993","0.521922767162323, 0.5907289385795593","0.5169093608856201, 0.5876652598381042","0.4918408989906311, 0.39628446102142334","0.47256284952163696, 0.3579380512237549","0.5505828261375427, 0.6924335956573486","0.4375668168067932, 0.6771969795227051","0.5130611658096313, 0.3123180568218231",0.5364093780517578,0.34448397159576416,0.49550098180770874,0.35182636976242065,0.544160008430481,0.4823433458805084,0.5271097421646118,0.48241525888442993,0.5159551799297333,0.3481551706790924,0.5356348752975464,0.4823793023824692,-98.34117092575715,Forward
1.9692923898531367,48.48881236131376,111.01564085493662,203.09601332303407,28.006587250890437,191.6831001136809,196.972076319166,177.18970264030838,200.66623137156776,"0.5301145315170288, 0.3446255922317505","0.500332772731781, 0.34764546155929565","0.5154970288276672, 0.38416022062301636","0.4624672830104828, 0.35573330521583557","0.5427231788635254, 0.4820128381252289","0.5322061777114868, 0.4821193218231201","0.5223183631896973, 0.5889391899108887","0.5115503072738647, 0.5875818729400635","0.5067824125289917, 0.3947683274745941","0.4757595956325531, 0.34022507071495056","0.5524243116378784, 0.6936119794845581","0.4385654032230377, 0.6758846640586853","0.5125058889389038, 0.30601027607917786",0.5301145315170288,0.3446255922317505,0.500332772731781,0.34764546155929565,0.5427231788635254,0.4820128381252289,0.5322061777114868,0.4821193218231201,0.5152236521244049,0.34613552689552307,0.5374646782875061,0.4820660799741745,-99.29242383389517,Forward
2.0026702269692924,47.19143810098514,108.42759991765784,200.94991353239507,26.946271989120945,192.4995551052485,197.01057249506556,177.49217497129305,198.84334117720948,"0.5332592725753784, 0.3451520502567291","0.500113308429718, 0.3480570912361145","0.5156679749488831, 0.38443252444267273","0.45608144998550415, 0.3611530363559723","0.5433772802352905, 0.4823738932609558","0.5313442945480347, 0.48247700929641724","0.5247565507888794, 0.5884267091751099","0.5129050016403198, 0.5869452953338623","0.5028725862503052, 0.3925231099128723","0.46934884786605835, 0.35122424364089966","0.55170738697052, 0.6943305134773254","0.4381033480167389, 0.6752461791038513","0.5242146253585815, 0.30788904428482056",0.5332592725753784,0.3451520502567291,0.500113308429718,0.3480570912361145,0.5433772802352905,0.4823738932609558,0.5313442945480347,0.48247700929641724,0.5166862905025482,0.3466045707464218,0.5373607873916626,0.4824254512786865,-98.65505764242376,Forward
2.036048064085448,44.89639270885191,103.8648866226512,197.0713578392393,27.55180696496339,193.2820347113176,197.1486323093056,178.00790200395517,196.77814330698493,"0.5348731279373169, 0.34540534019470215","0.5003106594085693, 0.3505675196647644","0.5160418748855591, 0.38442638516426086","0.45602232217788696, 0.35937607288360596","0.5446387529373169, 0.4827094078063965","0.5316163897514343, 0.48275628685951233","0.5284816026687622, 0.5876361131668091","0.5131146311759949, 0.5859273672103882","0.5005962252616882, 0.39165621995925903","0.45725470781326294, 0.3423878252506256","0.5513917207717896, 0.6946147084236145","0.43794408440589905, 0.674819827079773","0.5189334154129028, 0.3156019151210785",0.5348731279373169,0.34540534019470215,0.5003106594085693,0.3505675196647644,0.5446387529373169,0.4827094078063965,0.5316163897514343,0.48275628685951233,0.5175918936729431,0.3479864299297333,0.5381275713443756,0.4827328473329544,-98.66533651209768,Forward
2.069425901201602,41.49578960732258,97.15679017885658,191.331822196367,29.989308846886765,194.0168895014376,197.39811535135425,178.75956840547295,194.4701055725377,"0.533522367477417, 0.34652283787727356","0.5035570859909058, 0.3498019576072693","0.5011871457099915, 0.3769686818122864","0.4569879174232483, 0.3604522943496704","0.5446184873580933, 0.4825168550014496","0.5332305431365967, 0.48220109939575195","0.531100332736969, 0.5873826742172241","0.514113187789917, 0.5852677822113037","0.4835564196109772, 0.3758144974708557","0.46396976709365845, 0.3487161695957184","0.551353931427002, 0.6955341696739197","0.4383028447628021, 0.6749521493911743","0.5168828368186951, 0.31291165947914124",0.533522367477417,0.34652283787727356,0.5035570859909058,0.3498019576072693,0.5446184873580933,0.4825168550014496,0.5332305431365967,0.48220109939575195,0.5185397267341614,0.3481623977422714,0.538924515247345,0.48235897719860077,-98.63733922733591,Forward
2.102803738317757,36.88174221880574,88.13259979521396,183.6027825565783,34.42489430336008,194.690470045158,197.77088121067945,179.7698588430245,191.9186957855115,"0.5386433005332947, 0.34130722284317017","0.496784508228302, 0.34989482164382935","0.5197985768318176, 0.38095754384994507","0.4534996449947357, 0.3621220290660858","0.5442034602165222, 0.48071521520614624","0.5325390100479126, 0.48171812295913696","0.5173458456993103, 0.5870823264122009","0.5292527079582214, 0.5828738808631897","0.4981287121772766, 0.3810363709926605","0.46010127663612366, 0.34528589248657227","0.44487398862838745, 0.6804680228233337","0.5457000732421875, 0.691748321056366","0.5154429078102112, 0.31917282938957214",0.5386433005332947,0.34130722284317017,0.496784508228302,0.34989482164382935,0.5442034602165222,0.48071521520614624,0.5325390100479126,0.48171812295913696,0.5177139043807983,0.34560102224349976,0.5383712351322174,0.4812166690826416,-98.66086909630384,Forward
2.136181575433912,30.946363965710034,76.62160468066351,173.75571487267345,41.02468000285202,195.28912691202825,198.27878947674927,181.061457983788,189.12338175754996,"0.5368467569351196, 0.34413427114486694","0.49800848960876465, 0.3488742709159851","0.5138657689094543, 0.38055485486984253","0.45475658774375916, 0.3627840280532837","0.5407739877700806, 0.48103880882263184","0.5322287678718567, 0.48187732696533203","0.5153413414955139, 0.5868180990219116","0.5323396921157837, 0.5828380584716797","0.49501410126686096, 0.3810310661792755","0.4619995951652527, 0.34566929936408997","0.4393032491207123, 0.6756790280342102","0.5521832704544067, 0.6963123679161072","0.51459139585495, 0.318573534488678",0.5368467569351196,0.34413427114486694,0.49800848960876465,0.3488742709159851,0.5407739877700806,0.48103880882263184,0.5322287678718567,0.48187732696533203,0.5174276232719421,0.346504271030426,0.5365013778209686,0.48145806789398193,-98.04464092313283,Forward
2.1695594125500666,23.58176827044396,62.453094044145175,161.6620950974526,49.9547826138316,195.7992106715978,198.93369973903177,182.65705049494144,186.08363130029676,"0.5383116602897644, 0.34023478627204895","0.4952242374420166, 0.3489850163459778","0.5150415301322937, 0.38070163130760193","0.45598968863487244, 0.36958858370780945","0.5407560467720032, 0.4810550808906555","0.5318273305892944, 0.4819186329841614","0.5144928097724915, 0.5868828296661377","0.5313459634780884, 0.5831531882286072","0.48813503980636597, 0.3721202611923218","0.47183847427368164, 0.3495464324951172","0.4391327500343323, 0.6735815405845642","0.5525196194648743, 0.6975830793380737","0.515070915222168, 0.3212873637676239",0.5383116602897644,0.34023478627204895,0.4952242374420166,0.3489850163459778,0.5407560467720032,0.4810550808906555,0.5318273305892944,0.4819186329841614,0.5167679488658905,0.34460990130901337,0.5362916886806488,0.48148685693740845,-98.11774980006547,Forward
2.2029372496662214,14.680068555416,45.456357094598985,147.19339918371605,61.38131880476772,196.20707189341613,199.74747158699492,184.57932104366304,182.79891222539555,"0.5373414754867554, 0.34184813499450684","0.4951978325843811, 0.3490797281265259","0.5079171061515808, 0.3807847499847412","0.46491575241088867, 0.3830412030220032","0.5401806831359863, 0.4814886450767517","0.5307365655899048, 0.48246797919273376","0.5228731036186218, 0.5869273543357849","0.5228514671325684, 0.5849176645278931","0.4901929497718811, 0.3730265498161316","0.4901728630065918, 0.3668326735496521","0.5412619709968567, 0.6902276277542114","0.450006902217865, 0.6804773807525635","0.5146394968032837, 0.31860122084617615",0.5373414754867554,0.34184813499450684,0.4951978325843811,0.3490797281265259,0.5401806831359863,0.4814886450767517,0.5307365655899048,0.48246797919273376,0.5162696540355682,0.34546393156051636,0.5354586243629456,0.48197831213474274,-98.00128630705466,Forward
