Time,Left Shoulder Angle,Right Shoulder Angle,Left Elbow Angle,Right Elbow Angle,Left Hip Angle,Right Hip Angle,Left Knee Angle,Right Knee Angle,"x, y Left Shoulder","x, y Right Shoulder","x, y Left Elbow","x, y Right Elbow","x, y Left Hip","x, y Right Hip","x, y Left Knee","x, y Right Knee","x, y Left Wrist","x, y Right Wrist","x, y Left Ankle","x, y Right Ankle","x, y Nose","x, y Shoulder Spine","x, y Hip Spine",Spine Angle,Leaning
0.0,-27.44152860336809,-5.224701747620418,181.66661000776088,155.95779856977435,167.06241306573125,212.55949564934463,182.39723189434864,178.0652911153704,"0.5286168456077576, 0.37965279817581177","0.4306636452674866, 0.4017614424228668","0.5193936824798584, 0.4621005952358246","0.4478614926338196, 0.4799262583255768","0.5210238695144653, 0.5331937074661255","0.4596719741821289, 0.5373877286911011","0.5428379774093628, 0.6554626226425171","0.4271928668022156, 0.6568084359169006","0.5010727643966675, 0.5395047664642334","0.46986207365989685, 0.5528301000595093","0.5621472597122192, 0.7751834392547607","0.39401617646217346, 0.7802583575248718","0.4660095274448395, 0.35792359709739685","0.480, 0.391","0.490, 0.535",-94.23551996423026,Forward
0.0333667000333667,-16.394676584875068,-5.790116430319089,187.49440762612323,167.0099718606636,166.77376334529524,211.10104976281187,182.89833339714025,178.63114732576025,"0.5285400152206421, 0.37971848249435425","0.4308549761772156, 0.40243616700172424","0.5192774534225464, 0.4620891511440277","0.44788289070129395, 0.4802258610725403","0.521151602268219, 0.5337810516357422","0.45958781242370605, 0.5379483103752136","0.5422505736351013, 0.6550287008285522","0.4271518588066101, 0.6567676663398743","0.50154048204422, 0.5386841297149658","0.47073855996131897, 0.5534942150115967","0.5599921345710754, 0.7744757533073425","0.39419063925743103, 0.7797958850860596","0.4656444191932678, 0.3597685694694519","0.480, 0.391","0.490, 0.536",-94.21562282861652,Forward
0.0667334000667334,-6.171693947569061,-5.166019820887088,192.00406751706703,175.84791388770998,166.59412653707682,209.63059379603524,182.9729026406031,179.06262198141764,"0.528423011302948, 0.3810208737850189","0.4308512210845947, 0.4025028645992279","0.5190178751945496, 0.4623740613460541","0.44789114594459534, 0.480273962020874","0.52106773853302, 0.5329169034957886","0.45932188630104065, 0.5373677611351013","0.5421698689460754, 0.6534333825111389","0.42706409096717834, 0.6570977568626404","0.5017473697662354, 0.5386766195297241","0.4718706011772156, 0.5535842180252075","0.5587993860244751, 0.7717830538749695","0.3945889472961426, 0.7794327735900879","0.46526965498924255, 0.3623901903629303","0.480, 0.392","0.490, 0.535",-94.2113248278076,Forward
0.1001001001001001,3.2558963462460007,-3.449940253303338,195.2906401419945,182.62568484693952,166.5200169630278,208.15816402776755,182.6635460372837,179.37297277634045,"0.5283154249191284, 0.3825438618659973","0.4306996762752533, 0.4031033515930176","0.5178300738334656, 0.4654088616371155","0.44720831513404846, 0.48457854986190796","0.5206813216209412, 0.5352767705917358","0.45916932821273804, 0.5395768880844116","0.5414164066314697, 0.6544252634048462","0.4258860945701599, 0.6585790514945984","0.49967390298843384, 0.5417094230651855","0.472871869802475, 0.5571030974388123","0.5588464140892029, 0.77183997631073","0.3947311043739319, 0.7794342041015625","0.4642964005470276, 0.3623097538948059","0.480, 0.393","0.490, 0.537",-94.12068972668027,Forward
0.1334668001334668,11.916571334266198,-0.7394060615467621,197.4491759623077,187.49734493437825,166.54794894510002,206.6937967367616,182.01286999972857,179.5754574045267,"0.5279407501220703, 0.38357916474342346","0.43039149045944214, 0.40322718024253845","0.5173506140708923, 0.46614575386047363","0.4457898736000061, 0.48466435074806213","0.5196735262870789, 0.5363025069236755","0.458645761013031, 0.5403264760971069","0.5408080816268921, 0.6553629040718079","0.42493289709091187, 0.6591345071792603","0.49452194571495056, 0.54160076379776","0.4715074598789215, 0.5584729313850403","0.5593867897987366, 0.7722285985946655","0.3948741555213928, 0.7793176174163818","0.4625358581542969, 0.3624761998653412","0.479, 0.393","0.489, 0.538",-93.94504428442593,Forward
0.1668335001668335,19.838808054187613,2.868054420403713,198.57472543940875,190.61695434605213,166.6744368052453,205.2475282017701,181.0634809404841,179.6833335599744,"0.5274724364280701, 0.3857860267162323","0.42927128076553345, 0.40430277585983276","0.5144312381744385, 0.46979981660842896","0.4412434697151184, 0.48291492462158203","0.5194445848464966, 0.537415623664856","0.4582028388977051, 0.5411288142204285","0.5401273965835571, 0.656741201877594","0.4245324730873108, 0.6592562794685364","0.4895102083683014, 0.5418611168861389","0.45739397406578064, 0.5583405494689941","0.5602976083755493, 0.7726932764053345","0.39487403631210327, 0.7802361249923706","0.46177539229393005, 0.3620834946632385","0.478, 0.395","0.489, 0.539",-94.14484588999838,Forward
0.2002002002002002,27.05108354370632,7.274912858569164,198.76233903469983,192.1385732779873,166.89599486541542,203.829394701546,179.8579852720968,179.7098589366814,"0.5247273445129395, 0.38638684153556824","0.42927923798561096, 0.4041353166103363","0.5134975910186768, 0.46831750869750977","0.43246954679489136, 0.47368407249450684","0.5182403326034546, 0.5376545786857605","0.4577926993370056, 0.541409432888031","0.5393168926239014, 0.6568047404289246","0.4243435263633728, 0.6599135994911194","0.4861605763435364, 0.5356509685516357","0.4454970359802246, 0.545390784740448","0.5603897571563721, 0.7727645635604858","0.3942990005016327, 0.7802259922027588","0.4615541100502014, 0.3611501157283783","0.477, 0.395","0.488, 0.540",-94.36532757428644,Forward
0.2335669002335669,33.581874840518395,12.383640918970666,198.10706720958308,192.2162619262097,167.20913744756223,202.44943251484196,178.43898940711316,179.66829122864573,"0.521518886089325, 0.38845378160476685","0.4284954071044922, 0.401935875415802","0.5088319182395935, 0.47031670808792114","0.4252859055995941, 0.46939921379089355","0.515663206577301, 0.54292231798172","0.45694679021835327, 0.545915961265564","0.5377230048179626, 0.6578711271286011","0.42296427488327026, 0.662138044834137","0.46691545844078064, 0.5339129567146301","0.430741548538208, 0.5356930494308472","0.5601899027824402, 0.772627592086792","0.39431530237197876, 0.7788988351821899","0.46138668060302734, 0.3585604131221771","0.475, 0.395","0.486, 0.544",-94.3296338771469,Forward
0.2669336002669336,39.45965898231992,18.09671026762929,196.70396042546065,191.0040804867455,167.61037887363753,201.1176779204108,176.84909975807966,179.57188812986536,"0.5190743207931519, 0.3886641263961792","0.4289707541465759, 0.39712706208229065","0.4989688992500305, 0.46771082282066345","0.41869205236434937, 0.46990537643432617","0.5145725011825562, 0.5432544946670532","0.4561498165130615, 0.545918345451355","0.536209762096405, 0.657814085483551","0.4228883683681488, 0.6620041131973267","0.4513576924800873, 0.530403733253479","0.4118306040763855, 0.5394224524497986","0.5597840547561646, 0.7720847725868225","0.39431577920913696, 0.7777777910232544","0.46159204840660095, 0.35601961612701416","0.474, 0.393","0.485, 0.545",-94.27480863076403,Forward
0.3003003003003003,44.712913006806986,24.31659257056613,194.64806914373457,188.6560891556205,168.09623346559314,199.84416719700525,175.13092273754273,179.43390733433827,"0.5188384056091309, 0.3884257376194","0.42898645997047424, 0.3958456218242645","0.4900095462799072, 0.4641954004764557","0.4143473207950592, 0.46931177377700806","0.5135211944580078, 0.5426505208015442","0.455373615026474, 0.5455979108810425","0.5348089933395386, 0.6566118597984314","0.4228442311286926, 0.6612966656684875","0.4387451708316803, 0.5242058038711548","0.4015251696109772, 0.5367429852485657","0.5596820116043091, 0.7713531255722046","0.3943158984184265, 0.7773497104644775","0.4616278111934662, 0.35204365849494934","0.474, 0.392","0.484, 0.544",-93.96507229438704,Forward
0.333667000333667,49.37011395167566,30.94575949380225,192.03444382580707,185.3263481288609,168.6632155453809,198.63893662337816,173.3270647580489,179.26760653606237,"0.5191705822944641, 0.38974061608314514","0.42850548028945923, 0.39399367570877075","0.47555750608444214, 0.4624585211277008","0.41087859869003296, 0.46589213609695435","0.5124687552452087, 0.5422503352165222","0.4537166655063629, 0.5452821850776672","0.5330880880355835, 0.6556345224380493","0.422690212726593, 0.6612219214439392","0.4231063723564148, 0.5177904367446899","0.38500505685806274, 0.5247468948364258","0.5596361756324768, 0.770911693572998","0.3943175673484802, 0.7772965431213379","0.461151659488678, 0.3506077229976654","0.474, 0.392","0.483, 0.544",-93.48652067406823,Forward
0.3670337003670337,53.45973885462202,37.88668270335872,188.95813493308023,181.16891760249263,169.30783943495254,197.5120224782824,171.48013223214463,179.08624342903568,"0.5185819268226624, 0.39367640018463135","0.42855626344680786, 0.39272376894950867","0.46588921546936035, 0.4607559144496918","0.4095531404018402, 0.45976170897483826","0.5097625851631165, 0.5428370833396912","0.4512096345424652, 0.5451864004135132","0.5301119685173035, 0.6556202173233032","0.42211395502090454, 0.6612657308578491","0.4017666280269623, 0.5016981363296509","0.37235113978385925, 0.5101295709609985","0.5599387884140015, 0.7712964415550232","0.3944866955280304, 0.7770156860351562","0.460640013217926, 0.3495727777481079","0.474, 0.393","0.480, 0.544",-92.62604501563935,Forward
0.4004004004004004,57.01026475334216,45.041833865256606,185.51419292695627,176.33785777254184,170.02661945625994,196.47346104047065,169.63273157237637,178.9030757072561,"0.5150964856147766, 0.3956645727157593","0.4287046492099762, 0.39337360858917236","0.45719724893569946, 0.45917338132858276","0.4107653498649597, 0.4563383162021637","0.5072665214538574, 0.543109655380249","0.44900551438331604, 0.5446314215660095","0.5263336896896362, 0.655290961265564","0.4221491813659668, 0.6612221598625183","0.37923288345336914, 0.4842532277107239","0.3762890696525574, 0.48084425926208496","0.5599613785743713, 0.7697082757949829","0.39506492018699646, 0.7756718993186951","0.46067342162132263, 0.34761950373649597","0.472, 0.395","0.478, 0.544",-92.39072094154095,Forward
0.4337671004337671,60.05016868553213,52.31368464551701,181.79766826883724,170.9872288350344,170.81606993125493,195.53328858869568,167.82746919129065,178.73136106472168,"0.512620747089386, 0.3963731825351715","0.43000108003616333, 0.39300209283828735","0.44238853454589844, 0.4510638117790222","0.4130099415779114, 0.4516350328922272","0.5050703883171082, 0.5447350740432739","0.44721144437789917, 0.5446102023124695","0.5234062671661377, 0.656180202960968","0.42213988304138184, 0.6608172655105591","0.34779730439186096, 0.469571590423584","0.3568665683269501, 0.4691627621650696","0.5595747232437134, 0.7698377966880798","0.3950915038585663, 0.7748593688011169","0.4629588723182678, 0.34785211086273193","0.471, 0.395","0.476, 0.545",-91.84447224272068,Forward
0.4671338004671338,62.607927688888026,59.60470671016101,177.90361142012532,165.2710909859965,171.6727051818893,194.7015414017104,166.10695150143388,178.58435719543033,"0.5062890648841858, 0.39183104038238525","0.4316810071468353, 0.38910168409347534","0.43398720026016235, 0.4275805354118347","0.4133048951625824, 0.43084225058555603","0.5024036169052124, 0.5445773601531982","0.4447025656700134, 0.5431739687919617","0.5195005536079407, 0.65613853931427","0.4221063256263733, 0.6595388054847717","0.3521227240562439, 0.43967026472091675","0.39900991320610046, 0.43112286925315857","0.558984637260437, 0.7698841691017151","0.39578428864479065, 0.7734419703483582","0.4636281430721283, 0.34633880853652954","0.469, 0.390","0.474, 0.544",-91.70558740141429,Forward
0.5005005005005005,64.71201880110594,66.81737172520964,173.9270728422226,159.343504421454,172.5930395301149,193.98825575826743,164.51378491535257,178.47532179338,"0.505419135093689, 0.39184027910232544","0.4338518977165222, 0.3915911018848419","0.43574780225753784, 0.4115418791770935","0.39916157722473145, 0.4195072650909424","0.4975678026676178, 0.5446566343307495","0.44268959760665894, 0.5431711673736572","0.5140422582626343, 0.6569307446479797","0.4208609163761139, 0.6598612070083618","0.34726569056510925, 0.41995078325271606","0.3475271463394165, 0.418703556060791","0.5593366026878357, 0.7715340256690979","0.39596623182296753, 0.7730404138565063","0.46212077140808105, 0.3465999960899353","0.470, 0.392","0.470, 0.544",-90.18566083925198,Forward
0.5338672005338673,66.39091905988192,73.85415135668403,169.96310299653126,153.3585293374331,173.5735872978835,193.40346793711973,163.0905758455932,178.41751255256872,"0.5066723227500916, 0.39128702878952026","0.43482857942581177, 0.39177873730659485","0.4478611350059509, 0.400892972946167","0.40458250045776367, 0.4130762219429016","0.4935914874076843, 0.5444404482841492","0.4399537444114685, 0.5431402325630188","0.5127054452896118, 0.6588916778564453","0.419912189245224, 0.6600474119186401","0.35467496514320374, 0.4205018877983093","0.37063270807266235, 0.40496826171875","0.5595378279685974, 0.7734068632125854","0.39596906304359436, 0.7721799612045288","0.4623333513736725, 0.34698551893234253","0.471, 0.392","0.467, 0.544",-88.503447133587,Forward
0.5672339005672339,67.67310550291238,80.61751727060565,166.10675234445472,147.47022592996098,174.6108628071483,192.95721421702163,161.87993070470347,178.42418716699584,"0.5022686123847961, 0.388856440782547","0.4347469210624695, 0.3914920389652252","0.45264729857444763, 0.39553630352020264","0.40502944588661194, 0.40059080719947815","0.4903894364833832, 0.5451303720474243","0.4387574791908264, 0.5451010465621948","0.5061928629875183, 0.6607966423034668","0.41889697313308716, 0.661214292049408","0.3766378164291382, 0.3918837606906891","0.3707572817802429, 0.3727779984474182","0.5594256520271301, 0.7732678651809692","0.39593008160591125, 0.7722699046134949","0.4609829783439636, 0.3467525839805603","0.469, 0.390","0.465, 0.545",-88.54544515062787,Forward
0.6006006006006006,67.39163000185455,83.55718405262306,162.9994548320376,143.6876426965607,175.93752118779764,192.82093722517877,162.2738703506561,178.3548830384752,"0.44925928115844727, 0.38926905393600464","0.47559303045272827, 0.39036908745765686","0.40974298119544983, 0.3930347263813019","0.4408496022224426, 0.4107816219329834","0.46322232484817505, 0.5502949953079224","0.46269693970680237, 0.5510588884353638","0.4590393602848053, 0.6630697846412659","0.4710959792137146, 0.6627947092056274","0.38281360268592834, 0.38291770219802856","0.40776172280311584, 0.3910158574581146","0.5292283892631531, 0.7797945737838745","0.45455217361450195, 0.7794827818870544","0.4544014036655426, 0.3466767966747284","0.462, 0.390","0.463, 0.551",-90.19001767227105,Forward
0.6339673006339673,66.9782323979551,86.7292299385291,160.22109867229454,140.13102084779698,177.42075923626174,192.90944382943624,162.91597423459376,178.53459912893817,"0.43430060148239136, 0.38616716861724854","0.5020301938056946, 0.3856204152107239","0.39788520336151123, 0.38452520966529846","0.4757579267024994, 0.4188598096370697","0.4475931227207184, 0.5506070256233215","0.4879356324672699, 0.550503134727478","0.4195253849029541, 0.6630042195320129","0.4885663092136383, 0.6627556681632996","0.37757015228271484, 0.33724290132522583","0.42445340752601624, 0.4079705774784088","0.39721858501434326, 0.7801803350448608","0.5470613241195679, 0.765587568283081","0.4478488564491272, 0.3445720076560974","0.468, 0.386","0.468, 0.551",-89.86046076048952,Forward
0.6673340006673341,66.79995263329901,89.64055773218941,157.92432040115366,137.41060020855713,178.84369764249828,193.14609635934,163.89612257288965,179.05842738850885,"0.44526880979537964, 0.38526633381843567","0.4883214831352234, 0.3822343647480011","0.40755119919776917, 0.389060914516449","0.43286317586898804, 0.3837957978248596","0.45809537172317505, 0.5502442121505737","0.4511656165122986, 0.5495753884315491","0.4472983777523041, 0.6631667613983154","0.43414562940597534, 0.6612474918365479","0.38176900148391724, 0.33446308970451355","0.4215168356895447, 0.3403667211532593","0.5231868028640747, 0.772175669670105","0.41555365920066833, 0.7697161436080933","0.44344425201416016, 0.34478768706321716","0.467, 0.384","0.455, 0.550",-85.81280516111556,Forward
0.7007007007007008,66.81505886768622,92.447352234344,157.0040641212839,136.24752677802786,180.29533516599184,193.59559567440303,165.0850376743724,179.73991934920863,"0.47278842329978943, 0.38624298572540283","0.46056824922561646, 0.3832768201828003","0.4143803119659424, 0.38840919733047485","0.4151533246040344, 0.3760889768600464","0.4686613976955414, 0.5498431921005249","0.44074735045433044, 0.5491040349006653","0.4640865921974182, 0.6627799272537231","0.42239466309547424, 0.6602098941802979","0.3884103298187256, 0.3380834460258484","0.4201430678367615, 0.3343576490879059","0.5373692512512207, 0.763292670249939","0.39828401803970337, 0.7722747921943665","0.44576120376586914, 0.346904456615448","0.467, 0.385","0.455, 0.549",-85.84216281674252,Forward
0.7340674007340674,65.70712356235063,95.1400367005722,157.97844558994464,135.2179278507846,181.67310046525853,194.18474728860025,166.47392238553726,180.58758709434173,"0.48765692114830017, 0.38789287209510803","0.45124489068984985, 0.38560134172439575","0.41498222947120667, 0.39107799530029297","0.4117697775363922, 0.3840600550174713","0.482948362827301, 0.5492528676986694","0.44187837839126587, 0.5488722324371338","0.466855525970459, 0.6598582863807678","0.4190823435783386, 0.6590496301651001","0.39368733763694763, 0.3486633896827698","0.4153357446193695, 0.34008079767227173","0.5412669777870178, 0.7643357515335083","0.3962089717388153, 0.77367103099823","0.4453704357147217, 0.35536810755729675","0.469, 0.387","0.462, 0.549",-87.5173730599313,Forward
0.7674341007674341,65.39162149269403,97.55456755581234,158.19895855467504,135.1336915185948,183.06435744106415,194.976596160878,167.9628375753786,181.65305786212505,"0.49073100090026855, 0.3920426368713379","0.44449061155319214, 0.3912604749202728","0.4196029305458069, 0.3933785557746887","0.4121324419975281, 0.38072827458381653","0.49503570795059204, 0.546837329864502","0.44269856810569763, 0.5466365218162537","0.4884183406829834, 0.6597950458526611","0.41808462142944336, 0.65720534324646","0.3937944173812866, 0.3558982312679291","0.401305615901947, 0.34553688764572144","0.5425408482551575, 0.7676407694816589","0.394775390625, 0.7736942172050476","0.4437197744846344, 0.3569331765174866","0.468, 0.392","0.469, 0.547",-90.46413749644903,Forward
0.8008008008008008,64.99273139092793,97.62813136353822,158.7642078008099,139.15045217029592,184.5283297680332,195.8823277339517,169.67174980757096,182.94355864048023,"0.5014783143997192, 0.40005749464035034","0.4362090528011322, 0.4044409394264221","0.48170799016952515, 0.4309804439544678","0.40048402547836304, 0.38835209608078003","0.5052061676979065, 0.5449824929237366","0.44712740182876587, 0.5458881855010986","0.5093210935592651, 0.6565097570419312","0.4198649525642395, 0.6535506844520569","0.4571172297000885, 0.39037731289863586","0.3764927089214325, 0.3626161515712738","0.5446339845657349, 0.7676764130592346","0.39393141865730286, 0.774173378944397","0.4445565342903137, 0.36373817920684814","0.469, 0.402","0.476, 0.545",-92.9277804427567,Forward
0.8341675008341676,61.16969222359253,96.35679446115702,161.46851069309955,141.93572484086647,185.79981716208945,197.65718671184248,172.45719431263973,184.1573894670484,"0.5050920844078064, 0.40319567918777466","0.4351235330104828, 0.4211369454860687","0.46531447768211365, 0.4294080138206482","0.3977532386779785, 0.4378250539302826","0.5142825245857239, 0.5414644479751587","0.45500096678733826, 0.5442246794700623","0.5291651487350464, 0.6532250642776489","0.42075157165527344, 0.6472670435905457","0.3921375572681427, 0.4309968054294586","0.3496841788291931, 0.4221316874027252","0.5519328117370605, 0.7688366174697876","0.39253121614456177, 0.7735213041305542","0.44545453786849976, 0.3669205904006958","0.470, 0.412","0.485, 0.543",-96.34631195778151,Forward
0.8675342008675342,57.90347961103991,95.19713871929568,164.5112547961158,145.1705775761534,187.00861298417237,199.48100898173837,175.2839305390071,185.49006739477005,"0.5064569711685181, 0.3989344537258148","0.4359400272369385, 0.4123448431491852","0.4703701436519623, 0.45808321237564087","0.43759122490882874, 0.4559869170188904","0.5202658176422119, 0.5393600463867188","0.4637235701084137, 0.5410987138748169","0.5422595739364624, 0.6483790874481201","0.4322575628757477, 0.6453527808189392","0.40985971689224243, 0.4801606237888336","0.44357842206954956, 0.4541342258453369","0.5562278628349304, 0.7705645561218262","0.39399057626724243, 0.7691734433174133","0.4446684718132019, 0.3740895390510559","0.471, 0.406","0.492, 0.540",-98.7836203918491,Forward
0.9009009009009008,55.43735252953788,94.3245656749596,167.82164674780293,148.78795239359707,188.14168668368643,201.310435525634,178.0839935391922,186.94078086618305,"0.5089346170425415, 0.39803409576416016","0.4325278699398041, 0.4166572093963623","0.5031164884567261, 0.4669569134712219","0.43593645095825195, 0.47957849502563477","0.5277187824249268, 0.5402120351791382","0.4730968475341797, 0.5474759340286255","0.5496362447738647, 0.6502334475517273","0.4368061423301697, 0.654252290725708","0.46381473541259766, 0.5232356786727905","0.438609778881073, 0.5337302684783936","0.5585618019104004, 0.7752314209938049","0.39393311738967896, 0.7697623372077942","0.4404315948486328, 0.38255637884140015","0.471, 0.407","0.500, 0.544",-102.26598459614337,Forward
0.9342676009342676,54.01456995535382,93.91447686515475,171.3288931861072,152.7207913106392,189.18600771003767,203.10210732552548,180.78941836571573,188.50871832382649,"0.511858344078064, 0.3979022800922394","0.4323972761631012, 0.4227895140647888","0.5232155919075012, 0.4865289330482483","0.4480195641517639, 0.4917129576206207","0.5275021195411682, 0.5387047529220581","0.4804583191871643, 0.5426821708679199","0.53924959897995, 0.6495734453201294","0.457286536693573, 0.6525218486785889","0.5085903406143188, 0.5233047604560852","0.48433947563171387, 0.5332754850387573","0.561400294303894, 0.7734962701797485","0.39466989040374756, 0.7705907821655273","0.4498876631259918, 0.39473292231559753","0.472, 0.410","0.504, 0.541",-103.731984065751,Forward
0.9676343009676344,53.87839086475536,94.14227382688708,174.9622007489744,156.90203634472152,190.12854551263203,204.81266536340928,183.33224007109848,190.1930682102396,"0.5094519257545471, 0.38203495740890503","0.42803090810775757, 0.4183724522590637","0.5369845628738403, 0.4622543454170227","0.4513663649559021, 0.4844130873680115","0.5330515503883362, 0.5368620157241821","0.4859556555747986, 0.5417668223381042","0.5366592407226562, 0.6554979085922241","0.4747069776058197, 0.6579157114028931","0.5578988790512085, 0.5120745897293091","0.5202043056488037, 0.5144360065460205","0.558181643486023, 0.7734419107437134","0.395915687084198, 0.7630847692489624","0.4488592743873596, 0.38798218965530396","0.469, 0.400","0.510, 0.539",-106.33162637823713,Forward
1.001001001001001,55.27207423401002,95.18335809716244,178.65077607435072,161.26462951328574,190.95626954087555,206.39875062128152,185.64449370786107,191.9930189679615,"0.49999064207077026, 0.40049853920936584","0.46094340085983276, 0.4290080666542053","0.5328762531280518, 0.44990307092666626","0.5164875388145447, 0.47056666016578674","0.5320048928260803, 0.5446714162826538","0.5031915903091431, 0.5457100868225098","0.543401837348938, 0.6568328738212585","0.4854772090911865, 0.6590009927749634","0.5404970049858093, 0.4867677688598633","0.5575031638145447, 0.4847157597541809","0.5565774440765381, 0.7734091877937317","0.4002862870693207, 0.7571889162063599","0.4635441303253174, 0.3843782842159271","0.480, 0.415","0.518, 0.545",-105.88989725685116,Forward
1.0343677010343677,58.4388790393853,97.21313121298688,182.3238258001821,165.7415128337737,191.65614924417423,207.8170040811385,187.65821432852425,193.90775903953136,"0.4475490152835846, 0.4217405319213867","0.4975615441799164, 0.4279351830482483","0.46387583017349243, 0.43962621688842773","0.5544995665550232, 0.42353707551956177","0.5113807916641235, 0.5526019334793091","0.5364476442337036, 0.5484310388565063","0.502455472946167, 0.6592455506324768","0.5313689112663269, 0.6593813300132751","0.5157336592674255, 0.42174839973449707","0.6221916675567627, 0.42318063974380493","0.4187110364437103, 0.752083420753479","0.5487198829650879, 0.7678454518318176","0.4663151800632477, 0.3833615183830261","0.473, 0.425","0.524, 0.551",-112.22752296463388,Forward
1.0677344010677343,63.62206425714879,100.40699471136612,185.91055656441463,170.26562832362706,192.215154071934,209.0240667249765,189.3054369856087,195.9364768674884,"0.4456447958946228, 0.4239833950996399","0.5017567276954651, 0.4182097911834717","0.4741970896720886, 0.41816216707229614","0.5514413118362427, 0.3890147805213928","0.5067747235298157, 0.5562319159507751","0.5396829843521118, 0.5516201257705688","0.49957093596458435, 0.6607277393341064","0.5299912691116333, 0.6636728048324585","0.5207926034927368, 0.39154455065727234","0.5771304368972778, 0.3689264953136444","0.4164060056209564, 0.7458089590072632","0.5485594868659973, 0.7686482071876526","0.46307986974716187, 0.38101550936698914","0.474, 0.421","0.523, 0.554",-110.44897011077138,Forward
1.1011011011011012,71.06488886356804,104.9403501293062,189.3401750049942,174.7699180002877,192.6202534735609,209.9765795347917,190.5181967316351,198.07836089437168,"0.45662325620651245, 0.4197576940059662","0.48248544335365295, 0.40916934609413147","0.5043301582336426, 0.3636724054813385","0.5274282693862915, 0.36540764570236206","0.5208597183227539, 0.5507652163505554","0.5279493927955627, 0.5496552586555481","0.5405198335647583, 0.6510622501373291","0.5031964778900146, 0.6599708199501038","0.5519157648086548, 0.31611931324005127","0.563909649848938, 0.3077384829521179","0.5378410816192627, 0.7558130025863647","0.4237986207008362, 0.7537766695022583","0.46141329407691956, 0.36166656017303467","0.470, 0.414","0.524, 0.550",-112.00180400660527,Forward
1.1344678011344678,81.0106118349106,110.98859900381296,192.541887759867,179.18732388119713,192.8584168984609,210.6311834925805,191.22852861912415,200.33259956272045,"0.4646151661872864, 0.4147542119026184","0.48507872223854065, 0.3959393799304962","0.5000170469284058, 0.3702998459339142","0.5107696056365967, 0.33887040615081787","0.5236510038375854, 0.543298602104187","0.5231633186340332, 0.5428086519241333","0.5503145456314087, 0.6497611403465271","0.49718013405799866, 0.6568151712417603","0.5209871530532837, 0.324707955121994","0.5459393858909607, 0.2659848630428314","0.5534120798110962, 0.7617955207824707","0.4101017117500305, 0.749951183795929","0.4688109755516052, 0.36126798391342163","0.475, 0.405","0.523, 0.543",-109.42442228701412,Forward
1.1678345011678346,93.70249214744382,118.72714287189228,195.44490146697893,183.45078798379743,192.91661379604,210.94451958033903,191.36846770059665,202.69838131507387,"0.46680960059165955, 0.39850541949272156","0.47973641753196716, 0.38662654161453247","0.48908859491348267, 0.35600990056991577","0.493777334690094, 0.3466466963291168","0.5259455442428589, 0.5349130630493164","0.5217200517654419, 0.536281406879425","0.5480287075042725, 0.650539755821228","0.49412956833839417, 0.6556863784790039","0.4823753833770752, 0.308589905500412","0.4818750023841858, 0.2819019854068756","0.5562945604324341, 0.7649423480033875","0.40248173475265503, 0.7499645352363586","0.48098549246788025, 0.34901130199432373","0.473, 0.393","0.524, 0.536",-109.46787489711794,Forward
1.2012012012012012,109.38378877743553,128.3313832705503,197.978422764276,187.49325232553,192.7818136157042,210.87322878006364,190.87004902857325,205.1748945939711,"0.46944671869277954, 0.3822363018989563","0.4769286513328552, 0.37199243903160095","0.480089008808136, 0.3492148518562317","0.48757919669151306, 0.3457131087779999","0.5257211923599243, 0.5334728360176086","0.5193296074867249, 0.5341671705245972","0.5472534894943237, 0.6509253978729248","0.4917585849761963, 0.6553854942321777","0.4614032208919525, 0.3082563579082489","0.46560773253440857, 0.29042354226112366","0.5552338361740112, 0.7658481001853943","0.39619332551956177, 0.7501450181007385","0.48824167251586914, 0.3346564769744873","0.473, 0.377","0.523, 0.534",-107.47625794327111,Forward
1.234567901234568,128.29776070115315,139.9767217367927,200.07165828970437,191.2476589238368,192.4409858068595,210.3739520737505,189.6653076555746,207.7613278419513,"0.46642082929611206, 0.37738853693008423","0.4793919026851654, 0.3706074655056","0.4753640294075012, 0.3389626443386078","0.4854491353034973, 0.3469562530517578","0.524736762046814, 0.533187747001648","0.5199062824249268, 0.5335577130317688","0.543392539024353, 0.651119589805603","0.49025940895080566, 0.6554031372070312","0.45605650544166565, 0.3092929720878601","0.45855164527893066, 0.3006269037723541","0.5544061064720154, 0.7713561058044434","0.39549538493156433, 0.7509638071060181","0.48798757791519165, 0.3293500542640686","0.473, 0.374","0.522, 0.533",-107.22638482670231,Forward
1.267934601267935,150.68766689486426,153.83855980762553,201.6538146812099,194.6469497961596,191.88109981891185,209.403330443396,187.68627863412144,210.45686950155363,"0.4682997763156891, 0.3670123517513275","0.4787388741970062, 0.37020033597946167","0.47560247778892517, 0.3235079050064087","0.4870243966579437, 0.32474762201309204","0.524127185344696, 0.5298386216163635","0.5188803672790527, 0.5298287868499756","0.5416021347045898, 0.6511775255203247","0.4906616806983948, 0.6542371511459351","0.45959097146987915, 0.27186453342437744","0.47306036949157715, 0.26192381978034973","0.5541107058525085, 0.7762442827224731","0.39766040444374084, 0.7466615438461304","0.49575820565223694, 0.3237643539905548","0.474, 0.369","0.522, 0.530",-106.57404615228846,Forward
1.3013013013013013,176.79676633483626,170.09229902005458,202.65409857673868,197.62406695994,191.08912510126729,207.9180048709962,184.8649970167345,213.26070801531725,"0.46891433000564575, 0.3637937307357788","0.4771292805671692, 0.37390661239624023","0.44470128417015076, 0.3199252188205719","0.4810214042663574, 0.33822548389434814","0.5240367650985718, 0.5289788246154785","0.5182904005050659, 0.5295172333717346","0.5391231775283813, 0.6516216993331909","0.4900398254394531, 0.6541813015937805","0.4334494173526764, 0.28883859515190125","0.45595812797546387, 0.28967803716659546","0.552491307258606, 0.7782448530197144","0.39166975021362305, 0.7486124038696289","0.5019744038581848, 0.323741614818573","0.473, 0.369","0.521, 0.529",-106.70659143686875,Forward
1.334668001334668,206.86831799733687,188.91334091108573,203.0017166142368,200.11195243261983,190.05203110333173,205.87461633854755,181.1334978559344,216.17203182578132,"0.47361746430397034, 0.367919385433197","0.47804102301597595, 0.3748786151409149","0.4552329480648041, 0.33117181062698364","0.477045476436615, 0.3434697687625885","0.5239492654800415, 0.5294528007507324","0.5176683664321899, 0.5294374823570251","0.5387638807296753, 0.6516827344894409","0.48977190256118774, 0.6519901156425476","0.42984455823898315, 0.30026668310165405","0.44768017530441284, 0.30006423592567444","0.5525480508804321, 0.7776053547859192","0.39219945669174194, 0.7472546696662903","0.4965716004371643, 0.3241878151893616","0.476, 0.371","0.521, 0.529",-105.88623251413287,Forward
1.3680347013680347,241.14558085863356,210.4770870177252,202.6258754316501,202.0435482316409,188.75678727451128,203.2298058280462,176.42381620424192,219.1900293754851,"0.4934377074241638, 0.3666304051876068","0.4765335023403168, 0.377104789018631","0.4585147500038147, 0.3208843469619751","0.424945592880249, 0.35998380184173584","0.5271939635276794, 0.5301504731178284","0.5173653364181519, 0.5299421548843384","0.5367559194564819, 0.6517360806465149","0.4885140061378479, 0.651829183101654","0.4351789951324463, 0.30405324697494507","0.41979628801345825, 0.30819767713546753","0.5517798066139221, 0.7785567045211792","0.39175236225128174, 0.7470437288284302","0.5131105184555054, 0.3132597804069519","0.485, 0.372","0.522, 0.530",-103.2664383190104,Forward
