Time,Left Shoulder Angle,Right Shoulder Angle,Left Elbow Angle,Right Elbow Angle,Left Hip Angle,Right Hip Angle,Left Knee Angle,Right Knee Angle,"x, y Left Shoulder","x, y Right Shoulder","x, y Left Elbow","x, y Right Elbow","x, y Left Hip","x, y Right Hip","x, y Left Knee","x, y Right Knee","x, y Left Wrist","x, y Right Wrist","x, y Left Ankle","x, y Right Ankle","x, y Nose",Left Wrist x,Left Wrist y,Right Wrist x,Right Wrist y,Left Ankle x,Left Ankle y,Right Ankle x,Right Ankle y,Left Shoulder x,Left Shoulder y,Right Shoulder x,Right Shoulder y,Left Elbow x,Left Elbow y,Right Elbow x,Right Elbow y,Left Hip x,Left Hip y,Right Hip x,Right Hip y,Left Knee x,Left Knee y,Right Knee x,Right Knee y,Predicted_Pose
0.0,2.2512631355944954,5.092673239984833,195.6386817654679,176.13131683866155,171.59415974844725,211.3247589315501,183.0433959966107,177.1625121358998,"0.530, 0.406","0.400, 0.434","0.528, 0.515","0.433, 0.533","0.522, 0.546","0.451, 0.552","0.537, 0.694","0.431, 0.698","0.504, 0.600","0.468, 0.619","0.543, 0.834","0.419, 0.837","0.448, 0.414",0.504,0.6,0.468,0.619,0.543,0.834,0.419,0.837,0.53,0.406,0.4,0.434,0.528,0.515,0.433,0.533,0.522,0.546,0.451,0.552,0.537,0.694,0.431,0.698,Preparation
0.0333667000333667,2.103440136660876,5.094398925525294,194.435300235146,176.1781374406854,171.52064310248423,211.29317271297748,183.1270919398255,176.8931977767364,"0.530, 0.406","0.400, 0.433","0.528, 0.515","0.432, 0.532","0.522, 0.546","0.451, 0.552","0.537, 0.694","0.431, 0.697","0.504, 0.604","0.468, 0.619","0.543, 0.833","0.419, 0.836","0.448, 0.412",0.504,0.604,0.468,0.619,0.543,0.833,0.419,0.836,0.53,0.406,0.4,0.433,0.528,0.515,0.432,0.532,0.522,0.546,0.451,0.552,0.537,0.694,0.431,0.697,Preparation
0.0667334000667334,2.1124050235711818,5.125370600894765,194.12540042744573,176.2022952723102,171.47874839897256,211.34425409511692,183.236558648019,176.68685607424703,"0.529, 0.406","0.400, 0.432","0.528, 0.515","0.432, 0.531","0.522, 0.546","0.451, 0.552","0.537, 0.695","0.431, 0.697","0.504, 0.606","0.468, 0.619","0.543, 0.833","0.419, 0.836","0.448, 0.411",0.504,0.606,0.468,0.619,0.543,0.833,0.419,0.836,0.529,0.406,0.4,0.432,0.528,0.515,0.432,0.531,0.522,0.546,0.451,0.552,0.537,0.695,0.431,0.697,Preparation
0.1001001001001001,2.0570693460301386,5.191203074271187,193.72049506250025,176.18647822103242,171.4332516265913,211.4103120329062,183.2889095574436,176.53290095114303,"0.530, 0.406","0.400, 0.432","0.528, 0.515","0.432, 0.530","0.522, 0.546","0.452, 0.552","0.537, 0.695","0.431, 0.697","0.504, 0.607","0.468, 0.620","0.543, 0.832","0.419, 0.836","0.448, 0.409",0.504,0.607,0.468,0.62,0.543,0.832,0.419,0.836,0.53,0.406,0.4,0.432,0.528,0.515,0.432,0.53,0.522,0.546,0.452,0.552,0.537,0.695,0.431,0.697,Preparation
0.1334668001334668,2.0647632648925254,4.967074102025875,193.06802116157849,176.35278708530538,171.29873980948966,211.38135156097545,183.57073438123837,176.22275398950873,"0.530, 0.406","0.400, 0.432","0.528, 0.515","0.432, 0.530","0.522, 0.547","0.452, 0.553","0.538, 0.695","0.430, 0.698","0.505, 0.607","0.468, 0.620","0.543, 0.832","0.419, 0.836","0.449, 0.408",0.505,0.607,0.468,0.62,0.543,0.832,0.419,0.836,0.53,0.406,0.4,0.432,0.528,0.515,0.432,0.53,0.522,0.547,0.452,0.553,0.538,0.695,0.43,0.698,Preparation
0.1668335001668335,1.8938833957510703,4.900931566985936,192.6747129978479,176.41451118581548,171.1647899873615,211.47189610849568,183.80813111359325,175.79689486855943,"0.530, 0.406","0.400, 0.432","0.528, 0.515","0.432, 0.529","0.522, 0.547","0.452, 0.554","0.538, 0.695","0.430, 0.698","0.506, 0.607","0.468, 0.620","0.543, 0.832","0.419, 0.836","0.449, 0.407",0.506,0.607,0.468,0.62,0.543,0.832,0.419,0.836,0.53,0.406,0.4,0.432,0.528,0.515,0.432,0.529,0.522,0.547,0.452,0.554,0.538,0.695,0.43,0.698,Preparation
0.2002002002002002,1.831186320847062,4.620219744222131,192.66293028263712,176.5512046182297,171.19170944258644,211.32232967380287,183.8182894186189,175.6220408055787,"0.530, 0.406","0.400, 0.432","0.528, 0.515","0.432, 0.529","0.523, 0.549","0.452, 0.555","0.538, 0.695","0.430, 0.698","0.506, 0.607","0.467, 0.620","0.543, 0.832","0.419, 0.836","0.450, 0.407",0.506,0.607,0.467,0.62,0.543,0.832,0.419,0.836,0.53,0.406,0.4,0.432,0.528,0.515,0.432,0.529,0.523,0.549,0.452,0.555,0.538,0.695,0.43,0.698,Preparation
0.2335669002335669,1.774995453200198,4.524191951380461,192.5142391001438,176.53579140769594,171.17352579662398,211.22903892214336,183.8612339966149,175.52037387525505,"0.530, 0.406","0.400, 0.431","0.528, 0.515","0.432, 0.529","0.523, 0.550","0.452, 0.556","0.538, 0.695","0.430, 0.698","0.506, 0.607","0.467, 0.620","0.543, 0.832","0.419, 0.836","0.450, 0.407",0.506,0.607,0.467,0.62,0.543,0.832,0.419,0.836,0.53,0.406,0.4,0.431,0.528,0.515,0.432,0.529,0.523,0.55,0.452,0.556,0.538,0.695,0.43,0.698,Preparation
0.2669336002669336,1.6928445465751878,4.454303118620842,191.508443760655,176.56605127240888,171.04576930489853,211.08054942018387,183.90499951785668,175.6319259816156,"0.530, 0.406","0.400, 0.431","0.528, 0.515","0.432, 0.529","0.523, 0.550","0.452, 0.556","0.538, 0.695","0.430, 0.697","0.507, 0.607","0.467, 0.620","0.543, 0.832","0.419, 0.836","0.450, 0.407",0.507,0.607,0.467,0.62,0.543,0.832,0.419,0.836,0.53,0.406,0.4,0.431,0.528,0.515,0.432,0.529,0.523,0.55,0.452,0.556,0.538,0.695,0.43,0.697,Preparation
0.3003003003003003,1.612237440167234,4.450841063724927,190.99987057045405,176.50967863100888,170.91018162854587,210.9874383160589,183.93852993502423,175.7192489157975,"0.530, 0.406","0.400, 0.431","0.528, 0.514","0.431, 0.528","0.523, 0.550","0.452, 0.556","0.538, 0.695","0.430, 0.697","0.507, 0.607","0.467, 0.620","0.543, 0.832","0.419, 0.836","0.451, 0.408",0.507,0.607,0.467,0.62,0.543,0.832,0.419,0.836,0.53,0.406,0.4,0.431,0.528,0.514,0.431,0.528,0.523,0.55,0.452,0.556,0.538,0.695,0.43,0.697,Preparation
0.333667000333667,1.553783076290784,4.444908855759733,190.5390773499049,176.47173142723742,170.79326374058022,210.8202510002216,183.95119901012032,175.93073481187096,"0.531, 0.406","0.400, 0.431","0.528, 0.514","0.431, 0.528","0.523, 0.550","0.452, 0.556","0.538, 0.695","0.430, 0.697","0.508, 0.607","0.467, 0.620","0.543, 0.832","0.419, 0.836","0.451, 0.408",0.508,0.607,0.467,0.62,0.543,0.832,0.419,0.836,0.531,0.406,0.4,0.431,0.528,0.514,0.431,0.528,0.523,0.55,0.452,0.556,0.538,0.695,0.43,0.697,Preparation
0.3670337003670337,1.5237780439515731,4.478180984628198,190.2964331586436,176.3885327395535,170.72597905251223,210.7564204668948,183.94909127322225,176.01510232202705,"0.531, 0.406","0.400, 0.431","0.528, 0.514","0.431, 0.528","0.523, 0.550","0.452, 0.556","0.538, 0.695","0.430, 0.697","0.508, 0.607","0.467, 0.620","0.543, 0.832","0.419, 0.836","0.451, 0.408",0.508,0.607,0.467,0.62,0.543,0.832,0.419,0.836,0.531,0.406,0.4,0.431,0.528,0.514,0.431,0.528,0.523,0.55,0.452,0.556,0.538,0.695,0.43,0.697,Preparation
0.4004004004004004,1.558400963686531,4.51034743224879,190.21161761432967,176.29943615025218,170.64717096091806,210.6892112739248,183.9516292461641,176.0801977932129,"0.531, 0.406","0.400, 0.430","0.528, 0.514","0.431, 0.528","0.523, 0.550","0.452, 0.556","0.538, 0.695","0.430, 0.697","0.508, 0.607","0.467, 0.620","0.543, 0.832","0.419, 0.836","0.452, 0.409",0.508,0.607,0.467,0.62,0.543,0.832,0.419,0.836,0.531,0.406,0.4,0.43,0.528,0.514,0.431,0.528,0.523,0.55,0.452,0.556,0.538,0.695,0.43,0.697,Preparation
0.4337671004337671,1.7354850315175954,4.666585410966656,190.0448928724405,176.24588800928754,170.6016762711887,210.75654928319824,183.92134167513927,176.18019654621264,"0.531, 0.406","0.400, 0.430","0.528, 0.514","0.431, 0.528","0.523, 0.549","0.452, 0.556","0.538, 0.695","0.430, 0.697","0.509, 0.607","0.467, 0.620","0.543, 0.831","0.419, 0.836","0.452, 0.409",0.509,0.607,0.467,0.62,0.543,0.831,0.419,0.836,0.531,0.406,0.4,0.43,0.528,0.514,0.431,0.528,0.523,0.549,0.452,0.556,0.538,0.695,0.43,0.697,Preparation
0.4671338004671338,1.7257332795227096,4.690158067375766,189.7128999597417,176.30616702619466,170.58033035768673,210.7843257021993,183.95538809687488,176.22133013835446,"0.531, 0.406","0.400, 0.430","0.528, 0.514","0.431, 0.528","0.523, 0.549","0.452, 0.555","0.538, 0.695","0.430, 0.696","0.509, 0.608","0.467, 0.620","0.543, 0.831","0.419, 0.836","0.452, 0.410",0.509,0.608,0.467,0.62,0.543,0.831,0.419,0.836,0.531,0.406,0.4,0.43,0.528,0.514,0.431,0.528,0.523,0.549,0.452,0.555,0.538,0.695,0.43,0.696,Preparation
0.5005005005005005,1.9213275413300888,4.701829889485709,189.81006198012795,176.30180879942117,170.5413115580991,210.76389394349124,183.99732012493163,176.283200158924,"0.531, 0.406","0.400, 0.430","0.528, 0.514","0.431, 0.528","0.523, 0.549","0.452, 0.555","0.538, 0.695","0.431, 0.696","0.510, 0.607","0.467, 0.620","0.543, 0.831","0.419, 0.836","0.452, 0.410",0.51,0.607,0.467,0.62,0.543,0.831,0.419,0.836,0.531,0.406,0.4,0.43,0.528,0.514,0.431,0.528,0.523,0.549,0.452,0.555,0.538,0.695,0.431,0.696,Preparation
0.5338672005338673,1.9797521904679785,4.690545868458514,189.91435884326947,176.3217533465256,170.49559374872862,210.7500245531615,184.0613297482172,176.2864857206753,"0.531, 0.406","0.400, 0.430","0.529, 0.514","0.431, 0.528","0.523, 0.549","0.452, 0.555","0.538, 0.695","0.431, 0.696","0.510, 0.607","0.467, 0.620","0.543, 0.831","0.419, 0.836","0.452, 0.410",0.51,0.607,0.467,0.62,0.543,0.831,0.419,0.836,0.531,0.406,0.4,0.43,0.529,0.514,0.431,0.528,0.523,0.549,0.452,0.555,0.538,0.695,0.431,0.696,Preparation
0.5672339005672339,2.0443686518374125,4.733550841625648,189.9892290615366,176.34251711303338,170.4712282728502,210.74091181326207,184.0925366046669,176.32494804390365,"0.531, 0.405","0.400, 0.430","0.529, 0.513","0.432, 0.528","0.523, 0.548","0.452, 0.555","0.538, 0.695","0.431, 0.696","0.510, 0.607","0.467, 0.620","0.543, 0.831","0.419, 0.836","0.452, 0.409",0.51,0.607,0.467,0.62,0.543,0.831,0.419,0.836,0.531,0.405,0.4,0.43,0.529,0.513,0.432,0.528,0.523,0.548,0.452,0.555,0.538,0.695,0.431,0.696,Preparation
0.6006006006006006,2.0927656103455825,4.765216483376653,190.0980663343684,176.37222875956303,170.45308807627598,210.74688519785028,184.11885012938976,176.34983445569387,"0.531, 0.405","0.400, 0.430","0.529, 0.513","0.432, 0.528","0.523, 0.548","0.452, 0.555","0.538, 0.695","0.431, 0.696","0.510, 0.607","0.467, 0.620","0.543, 0.831","0.419, 0.836","0.452, 0.409",0.51,0.607,0.467,0.62,0.543,0.831,0.419,0.836,0.531,0.405,0.4,0.43,0.529,0.513,0.432,0.528,0.523,0.548,0.452,0.555,0.538,0.695,0.431,0.696,Preparation
0.6339673006339673,2.175898276021683,4.762059453434934,190.21284370830884,176.38607122626462,170.4399332154515,210.7193397127612,184.1286156871133,176.3825835466813,"0.531, 0.405","0.400, 0.429","0.529, 0.513","0.432, 0.528","0.523, 0.548","0.452, 0.554","0.538, 0.695","0.431, 0.696","0.510, 0.607","0.467, 0.620","0.543, 0.831","0.419, 0.836","0.452, 0.409",0.51,0.607,0.467,0.62,0.543,0.831,0.419,0.836,0.531,0.405,0.4,0.429,0.529,0.513,0.432,0.528,0.523,0.548,0.452,0.554,0.538,0.695,0.431,0.696,Preparation
0.6673340006673341,2.190976943318978,4.7227473186068325,190.22439105533564,176.45496782076964,170.44276006274728,210.6937749995643,184.1346965345887,176.38057131152888,"0.531, 0.405","0.400, 0.429","0.529, 0.512","0.432, 0.528","0.523, 0.548","0.452, 0.554","0.538, 0.695","0.431, 0.696","0.510, 0.607","0.467, 0.620","0.543, 0.831","0.419, 0.836","0.452, 0.409",0.51,0.607,0.467,0.62,0.543,0.831,0.419,0.836,0.531,0.405,0.4,0.429,0.529,0.512,0.432,0.528,0.523,0.548,0.452,0.554,0.538,0.695,0.431,0.696,Preparation
0.7007007007007008,2.184799515731469,4.825600356387105,190.16907614096564,176.50460827110828,170.46687724597678,210.75855066561056,184.11136335024813,176.4701125328554,"0.531, 0.405","0.401, 0.429","0.529, 0.512","0.432, 0.528","0.523, 0.548","0.452, 0.554","0.538, 0.695","0.431, 0.696","0.510, 0.607","0.467, 0.620","0.543, 0.831","0.419, 0.836","0.452, 0.409",0.51,0.607,0.467,0.62,0.543,0.831,0.419,0.836,0.531,0.405,0.401,0.429,0.529,0.512,0.432,0.528,0.523,0.548,0.452,0.554,0.538,0.695,0.431,0.696,Preparation
0.7340674007340674,2.274187569382596,5.286190565530191,190.0464368476057,175.84612109165192,170.43795196781068,210.858309668535,184.11220903967344,176.4878188680395,"0.531, 0.404","0.401, 0.429","0.529, 0.512","0.431, 0.528","0.523, 0.546","0.452, 0.553","0.539, 0.695","0.431, 0.696","0.510, 0.608","0.467, 0.620","0.543, 0.831","0.419, 0.836","0.452, 0.409",0.51,0.608,0.467,0.62,0.543,0.831,0.419,0.836,0.531,0.404,0.401,0.429,0.529,0.512,0.431,0.528,0.523,0.546,0.452,0.553,0.539,0.695,0.431,0.696,Preparation
0.7674341007674341,2.3456257407691465,5.715632694035586,189.983789992592,175.25254420800118,170.40404541931818,210.9652312088203,184.12572682755837,176.51295765983528,"0.531, 0.404","0.401, 0.429","0.529, 0.512","0.430, 0.528","0.523, 0.545","0.452, 0.553","0.539, 0.695","0.431, 0.696","0.510, 0.609","0.467, 0.620","0.543, 0.831","0.419, 0.836","0.451, 0.409",0.51,0.609,0.467,0.62,0.543,0.831,0.419,0.836,0.531,0.404,0.401,0.429,0.529,0.512,0.43,0.528,0.523,0.545,0.452,0.553,0.539,0.695,0.431,0.696,Preparation
0.8008008008008008,2.389781321546906,5.996949152834436,189.93378715060572,174.85133241817812,170.36829931589398,211.04770890488305,184.1636170711473,176.49196381341017,"0.531, 0.404","0.401, 0.429","0.529, 0.512","0.430, 0.528","0.523, 0.545","0.452, 0.552","0.539, 0.694","0.431, 0.696","0.510, 0.609","0.467, 0.620","0.543, 0.831","0.419, 0.836","0.451, 0.409",0.51,0.609,0.467,0.62,0.543,0.831,0.419,0.836,0.531,0.404,0.401,0.429,0.529,0.512,0.43,0.528,0.523,0.545,0.452,0.552,0.539,0.694,0.431,0.696,Preparation
0.8341675008341676,2.411030865107837,6.201966151292087,189.897071043646,174.53627039752052,170.33968565837202,211.1105438310941,184.1913287512626,176.46459085119452,"0.531, 0.404","0.401, 0.429","0.529, 0.512","0.430, 0.528","0.523, 0.545","0.452, 0.552","0.539, 0.694","0.431, 0.695","0.510, 0.610","0.467, 0.620","0.543, 0.831","0.419, 0.836","0.451, 0.409",0.51,0.61,0.467,0.62,0.543,0.831,0.419,0.836,0.531,0.404,0.401,0.429,0.529,0.512,0.43,0.528,0.523,0.545,0.452,0.552,0.539,0.694,0.431,0.695,Preparation
0.8675342008675342,2.4308491176631826,6.3495785370048,189.8325290791976,174.2722244448553,170.29339536539212,211.13431728793591,184.2346047606341,176.4385493928497,"0.531, 0.404","0.401, 0.429","0.529, 0.512","0.429, 0.528","0.523, 0.545","0.452, 0.552","0.539, 0.694","0.431, 0.695","0.510, 0.610","0.467, 0.620","0.543, 0.831","0.419, 0.836","0.451, 0.409",0.51,0.61,0.467,0.62,0.543,0.831,0.419,0.836,0.531,0.404,0.401,0.429,0.529,0.512,0.429,0.528,0.523,0.545,0.452,0.552,0.539,0.694,0.431,0.695,Preparation
0.9009009009009008,2.46098174528813,6.451772759594448,189.8252255911005,174.1405960424462,170.25373512977197,211.18762550647213,184.22195527049632,176.41316519597407,"0.531, 0.404","0.401, 0.430","0.529, 0.513","0.429, 0.528","0.522, 0.545","0.452, 0.552","0.539, 0.694","0.431, 0.695","0.510, 0.610","0.467, 0.620","0.543, 0.831","0.419, 0.836","0.451, 0.409",0.51,0.61,0.467,0.62,0.543,0.831,0.419,0.836,0.531,0.404,0.401,0.43,0.529,0.513,0.429,0.528,0.522,0.545,0.452,0.552,0.539,0.694,0.431,0.695,Preparation
0.9342676009342676,2.4871143671545544,6.532853287078352,189.83424074880944,174.02497119071205,170.21717075331838,211.21932621626885,184.21549204414677,176.39926309889233,"0.531, 0.404","0.401, 0.430","0.529, 0.513","0.429, 0.528","0.522, 0.545","0.452, 0.552","0.539, 0.694","0.431, 0.695","0.510, 0.610","0.467, 0.620","0.543, 0.831","0.419, 0.836","0.451, 0.409",0.51,0.61,0.467,0.62,0.543,0.831,0.419,0.836,0.531,0.404,0.401,0.43,0.529,0.513,0.429,0.528,0.522,0.545,0.452,0.552,0.539,0.694,0.431,0.695,Preparation
0.9676343009676344,2.474494473098382,6.633464025694139,189.79471932296747,173.8344472663463,170.21086224831618,211.26868501377683,184.21368887309947,176.40736565370247,"0.531, 0.404","0.401, 0.430","0.529, 0.513","0.429, 0.528","0.522, 0.544","0.452, 0.552","0.539, 0.694","0.431, 0.695","0.510, 0.610","0.467, 0.620","0.543, 0.831","0.419, 0.836","0.451, 0.409",0.51,0.61,0.467,0.62,0.543,0.831,0.419,0.836,0.531,0.404,0.401,0.43,0.529,0.513,0.429,0.528,0.522,0.544,0.452,0.552,0.539,0.694,0.431,0.695,Preparation
1.001001001001001,2.458423971824308,6.717550845490995,189.75949903792548,173.69269508309128,170.20339831424857,211.31914650657936,184.21219247584756,176.4178619890208,"0.531, 0.405","0.401, 0.430","0.529, 0.513","0.429, 0.528","0.522, 0.544","0.452, 0.552","0.539, 0.694","0.431, 0.695","0.510, 0.610","0.467, 0.620","0.544, 0.831","0.419, 0.836","0.451, 0.409",0.51,0.61,0.467,0.62,0.544,0.831,0.419,0.836,0.531,0.405,0.401,0.43,0.529,0.513,0.429,0.528,0.522,0.544,0.452,0.552,0.539,0.694,0.431,0.695,Preparation
1.0343677010343677,2.481857894440855,6.754951575213794,189.7941583864467,173.6390607186518,170.17603516822845,211.38168599804615,184.132361465878,176.48000916295032,"0.531, 0.405","0.401, 0.430","0.529, 0.514","0.429, 0.528","0.522, 0.544","0.452, 0.552","0.539, 0.694","0.431, 0.695","0.511, 0.610","0.467, 0.620","0.544, 0.831","0.419, 0.836","0.451, 0.409",0.511,0.61,0.467,0.62,0.544,0.831,0.419,0.836,0.531,0.405,0.401,0.43,0.529,0.514,0.429,0.528,0.522,0.544,0.452,0.552,0.539,0.694,0.431,0.695,Preparation
1.0677344010677343,2.4349537901177003,6.790860347148066,189.6429246413343,173.57514786109238,170.16560217970817,211.38985565726503,184.0475874000716,176.53935434621704,"0.531, 0.405","0.401, 0.430","0.529, 0.514","0.429, 0.528","0.522, 0.544","0.452, 0.552","0.539, 0.694","0.431, 0.695","0.511, 0.610","0.467, 0.620","0.544, 0.831","0.419, 0.836","0.451, 0.409",0.511,0.61,0.467,0.62,0.544,0.831,0.419,0.836,0.531,0.405,0.401,0.43,0.529,0.514,0.429,0.528,0.522,0.544,0.452,0.552,0.539,0.694,0.431,0.695,Preparation
1.1011011011011012,2.4387063455986886,6.810752374675403,189.5265875895864,173.62753426090862,170.15407581150546,211.496669081134,183.9918150493752,176.54610103732185,"0.531, 0.404","0.400, 0.430","0.529, 0.514","0.429, 0.528","0.522, 0.544","0.452, 0.552","0.539, 0.694","0.431, 0.695","0.511, 0.609","0.467, 0.620","0.544, 0.831","0.418, 0.836","0.451, 0.409",0.511,0.609,0.467,0.62,0.544,0.831,0.418,0.836,0.531,0.404,0.4,0.43,0.529,0.514,0.429,0.528,0.522,0.544,0.452,0.552,0.539,0.694,0.431,0.695,Preparation
1.1344678011344678,2.452163705694695,6.836220116534312,189.6432475113162,173.75738091247032,170.1938705636431,211.70359000434877,183.85768594513436,176.4650481607838,"0.531, 0.404","0.400, 0.430","0.529, 0.514","0.429, 0.528","0.522, 0.544","0.452, 0.552","0.539, 0.694","0.431, 0.695","0.511, 0.609","0.467, 0.620","0.545, 0.831","0.418, 0.836","0.451, 0.409",0.511,0.609,0.467,0.62,0.545,0.831,0.418,0.836,0.531,0.404,0.4,0.43,0.529,0.514,0.429,0.528,0.522,0.544,0.452,0.552,0.539,0.694,0.431,0.695,Preparation
1.1678345011678346,2.4569559705119697,6.880809352404719,189.64953459033475,173.7116499514332,170.20290354251802,211.74558022816183,183.7844438187784,176.46769290115395,"0.531, 0.404","0.401, 0.430","0.529, 0.514","0.429, 0.528","0.522, 0.544","0.452, 0.552","0.539, 0.694","0.431, 0.695","0.511, 0.609","0.467, 0.620","0.545, 0.831","0.418, 0.836","0.451, 0.409",0.511,0.609,0.467,0.62,0.545,0.831,0.418,0.836,0.531,0.404,0.401,0.43,0.529,0.514,0.429,0.528,0.522,0.544,0.452,0.552,0.539,0.694,0.431,0.695,Preparation
1.2012012012012012,2.446406196199564,6.889465625000012,189.54767414726908,173.70466741035693,170.20956293851037,211.78339181903877,183.68890563948065,176.4649514469737,"0.531, 0.404","0.401, 0.430","0.529, 0.514","0.429, 0.528","0.522, 0.544","0.453, 0.552","0.539, 0.694","0.431, 0.695","0.511, 0.609","0.467, 0.620","0.545, 0.831","0.418, 0.836","0.451, 0.409",0.511,0.609,0.467,0.62,0.545,0.831,0.418,0.836,0.531,0.404,0.401,0.43,0.529,0.514,0.429,0.528,0.522,0.544,0.453,0.552,0.539,0.694,0.431,0.695,Preparation
1.234567901234568,2.4451019541408385,6.899292188536975,189.487509658854,173.6964922889902,170.2100479296601,211.80337008105425,183.616056561258,176.47993821064924,"0.531, 0.404","0.401, 0.430","0.529, 0.514","0.429, 0.528","0.522, 0.544","0.453, 0.552","0.539, 0.694","0.431, 0.695","0.511, 0.609","0.467, 0.620","0.545, 0.831","0.418, 0.836","0.451, 0.409",0.511,0.609,0.467,0.62,0.545,0.831,0.418,0.836,0.531,0.404,0.401,0.43,0.529,0.514,0.429,0.528,0.522,0.544,0.453,0.552,0.539,0.694,0.431,0.695,Preparation
1.267934601267935,2.443710834194344,6.910708038256962,189.43789532403216,173.691154328286,170.21053620330724,211.83092682645105,183.55035851602213,176.4910798917613,"0.531, 0.404","0.401, 0.430","0.529, 0.514","0.429, 0.528","0.522, 0.544","0.453, 0.552","0.539, 0.694","0.431, 0.695","0.511, 0.609","0.467, 0.620","0.545, 0.831","0.418, 0.836","0.451, 0.409",0.511,0.609,0.467,0.62,0.545,0.831,0.418,0.836,0.531,0.404,0.401,0.43,0.529,0.514,0.429,0.528,0.522,0.544,0.453,0.552,0.539,0.694,0.431,0.695,Preparation
1.3013013013013013,2.4538892588572376,6.878693830039268,189.35958984014596,173.66742009940614,170.20014444338702,211.81860025103623,183.5571218627683,176.46878148543837,"0.531, 0.404","0.401, 0.430","0.529, 0.514","0.429, 0.528","0.522, 0.544","0.453, 0.552","0.539, 0.694","0.431, 0.695","0.511, 0.609","0.467, 0.620","0.545, 0.831","0.418, 0.836","0.451, 0.409",0.511,0.609,0.467,0.62,0.545,0.831,0.418,0.836,0.531,0.404,0.401,0.43,0.529,0.514,0.429,0.528,0.522,0.544,0.453,0.552,0.539,0.694,0.431,0.695,Preparation
1.334668001334668,2.457109081862916,6.867764900908239,189.3136371466433,173.65153922083982,170.19962130160997,211.80927451623563,183.55064884124548,176.47242079565743,"0.531, 0.404","0.401, 0.430","0.529, 0.514","0.429, 0.528","0.522, 0.544","0.453, 0.552","0.539, 0.694","0.431, 0.695","0.511, 0.609","0.467, 0.620","0.545, 0.831","0.418, 0.836","0.451, 0.409",0.511,0.609,0.467,0.62,0.545,0.831,0.418,0.836,0.531,0.404,0.401,0.43,0.529,0.514,0.429,0.528,0.522,0.544,0.453,0.552,0.539,0.694,0.431,0.695,Preparation
1.3680347013680347,2.460374272625878,6.85815848526808,189.22081145713256,173.633396792491,170.19501416247917,211.81490567513143,183.55847825071092,176.52281130499372,"0.531, 0.404","0.401, 0.430","0.529, 0.514","0.429, 0.528","0.522, 0.544","0.453, 0.552","0.539, 0.694","0.431, 0.695","0.512, 0.609","0.467, 0.620","0.545, 0.831","0.418, 0.836","0.451, 0.410",0.512,0.609,0.467,0.62,0.545,0.831,0.418,0.836,0.531,0.404,0.401,0.43,0.529,0.514,0.429,0.528,0.522,0.544,0.453,0.552,0.539,0.694,0.431,0.695,Preparation
1.4014014014014016,2.4496195957944877,6.837847628271103,189.17211962831604,173.61021130045535,170.194092751263,211.80764008720377,183.5585603478707,176.54597138967864,"0.531, 0.404","0.401, 0.430","0.529, 0.514","0.429, 0.528","0.522, 0.544","0.453, 0.553","0.539, 0.694","0.431, 0.695","0.512, 0.610","0.467, 0.620","0.545, 0.831","0.418, 0.836","0.451, 0.410",0.512,0.61,0.467,0.62,0.545,0.831,0.418,0.836,0.531,0.404,0.401,0.43,0.529,0.514,0.429,0.528,0.522,0.544,0.453,0.553,0.539,0.694,0.431,0.695,Preparation
1.4347681014347682,2.3969877394911747,6.6667012551971485,188.81958376385376,174.13972748825827,170.4183192421646,212.30102459224003,183.70632467701012,176.32316180554935,"0.531, 0.404","0.400, 0.431","0.529, 0.515","0.430, 0.529","0.523, 0.545","0.453, 0.553","0.539, 0.694","0.431, 0.695","0.512, 0.610","0.468, 0.620","0.545, 0.831","0.418, 0.836","0.451, 0.411",0.512,0.61,0.468,0.62,0.545,0.831,0.418,0.836,0.531,0.404,0.4,0.431,0.529,0.515,0.43,0.529,0.523,0.545,0.453,0.553,0.539,0.694,0.431,0.695,Preparation
1.4681348014681348,2.321889946131149,6.572352727078971,188.56223223956937,174.45611153253267,170.62626682737056,212.64952843571092,183.7920001055076,176.13839230118853,"0.531, 0.404","0.400, 0.432","0.529, 0.515","0.430, 0.529","0.523, 0.545","0.453, 0.554","0.539, 0.694","0.431, 0.694","0.513, 0.611","0.468, 0.621","0.544, 0.831","0.418, 0.837","0.451, 0.411",0.513,0.611,0.468,0.621,0.544,0.831,0.418,0.837,0.531,0.404,0.4,0.432,0.529,0.515,0.43,0.529,0.523,0.545,0.453,0.554,0.539,0.694,0.431,0.694,Preparation
1.5015015015015016,2.255708532897624,6.368437366873294,187.99446080962943,174.75534724672286,170.79795098271703,212.84883563637868,183.8706800811716,175.94439872929752,"0.531, 0.404","0.400, 0.432","0.529, 0.515","0.430, 0.530","0.523, 0.546","0.454, 0.555","0.539, 0.694","0.431, 0.694","0.514, 0.611","0.468, 0.621","0.544, 0.831","0.418, 0.838","0.451, 0.412",0.514,0.611,0.468,0.621,0.544,0.831,0.418,0.838,0.531,0.404,0.4,0.432,0.529,0.515,0.43,0.53,0.523,0.546,0.454,0.555,0.539,0.694,0.431,0.694,Preparation
1.5348682015348682,2.110886331871862,6.146511720226373,187.16346275536364,175.1683672856367,171.02637545535987,213.05011428415912,183.8906486554376,175.74797371902923,"0.531, 0.404","0.400, 0.433","0.529, 0.516","0.431, 0.530","0.523, 0.547","0.454, 0.556","0.539, 0.695","0.431, 0.694","0.515, 0.611","0.468, 0.621","0.544, 0.831","0.418, 0.838","0.451, 0.413",0.515,0.611,0.468,0.621,0.544,0.831,0.418,0.838,0.531,0.404,0.4,0.433,0.529,0.516,0.431,0.53,0.523,0.547,0.454,0.556,0.539,0.695,0.431,0.694,Preparation
1.5682349015682349,2.045384784838919,5.972442927683946,186.62632175658456,175.3613754220426,171.13168565571783,213.15620802273477,183.96264944588015,175.6689568440921,"0.531, 0.405","0.400, 0.433","0.529, 0.516","0.431, 0.530","0.523, 0.548","0.454, 0.557","0.539, 0.695","0.431, 0.695","0.516, 0.611","0.468, 0.621","0.543, 0.831","0.417, 0.839","0.451, 0.413",0.516,0.611,0.468,0.621,0.543,0.831,0.417,0.839,0.531,0.405,0.4,0.433,0.529,0.516,0.431,0.53,0.523,0.548,0.454,0.557,0.539,0.695,0.431,0.695,Preparation
1.6016016016016017,1.978923760602027,5.898657228335885,186.3243992406414,175.4082135603508,171.1668431792891,213.19826893867557,184.0229800570576,175.57403765476735,"0.531, 0.405","0.400, 0.433","0.529, 0.517","0.431, 0.530","0.523, 0.549","0.454, 0.557","0.539, 0.695","0.431, 0.695","0.517, 0.611","0.468, 0.621","0.543, 0.831","0.417, 0.839","0.451, 0.413",0.517,0.611,0.468,0.621,0.543,0.831,0.417,0.839,0.531,0.405,0.4,0.433,0.529,0.517,0.431,0.53,0.523,0.549,0.454,0.557,0.539,0.695,0.431,0.695,Preparation
1.6349683016349683,1.9471841200711208,5.892970556107128,186.13231193693304,175.4032707232135,171.16629778719738,213.23779124226647,184.0782774912568,175.51481239766713,"0.531, 0.405","0.400, 0.433","0.529, 0.517","0.431, 0.530","0.523, 0.549","0.454, 0.557","0.539, 0.695","0.431, 0.695","0.517, 0.611","0.468, 0.621","0.543, 0.831","0.417, 0.839","0.451, 0.414",0.517,0.611,0.468,0.621,0.543,0.831,0.417,0.839,0.531,0.405,0.4,0.433,0.529,0.517,0.431,0.53,0.523,0.549,0.454,0.557,0.539,0.695,0.431,0.695,Preparation
1.6683350016683351,1.78966341869068,5.830245676348129,185.8644220036869,175.66587070413854,171.20272618700406,213.51174482624728,184.1144809559548,175.37980689552668,"0.531, 0.406","0.400, 0.433","0.528, 0.518","0.431, 0.531","0.523, 0.549","0.454, 0.557","0.539, 0.695","0.430, 0.695","0.517, 0.612","0.468, 0.621","0.543, 0.831","0.417, 0.840","0.451, 0.414",0.517,0.612,0.468,0.621,0.543,0.831,0.417,0.84,0.531,0.406,0.4,0.433,0.528,0.518,0.431,0.531,0.523,0.549,0.454,0.557,0.539,0.695,0.43,0.695,Preparation
1.7017017017017018,1.709595963302672,5.786414248940477,185.73536883948728,175.87407293654366,171.21929400713643,213.77420297322615,184.14597890055677,175.2610848318849,"0.530, 0.406","0.399, 0.434","0.528, 0.518","0.431, 0.531","0.523, 0.549","0.454, 0.557","0.539, 0.695","0.430, 0.695","0.517, 0.612","0.468, 0.621","0.543, 0.831","0.417, 0.840","0.452, 0.415",0.517,0.612,0.468,0.621,0.543,0.831,0.417,0.84,0.53,0.406,0.399,0.434,0.528,0.518,0.431,0.531,0.523,0.549,0.454,0.557,0.539,0.695,0.43,0.695,Preparation
1.7350684017350684,1.5798328117166636,5.717179726850651,185.5402503439828,176.11907594046417,171.29023768059386,214.0283380540532,184.15586540399423,175.13932407920962,"0.530, 0.406","0.399, 0.434","0.528, 0.518","0.431, 0.531","0.523, 0.549","0.454, 0.558","0.539, 0.695","0.430, 0.694","0.517, 0.612","0.468, 0.621","0.543, 0.831","0.417, 0.840","0.452, 0.415",0.517,0.612,0.468,0.621,0.543,0.831,0.417,0.84,0.53,0.406,0.399,0.434,0.528,0.518,0.431,0.531,0.523,0.549,0.454,0.558,0.539,0.695,0.43,0.694,Preparation
1.7684351017684352,1.5205902112913838,5.640476905992087,185.4392104616708,176.2660960258373,171.28593769162055,214.15028700102,184.19606774184123,175.04610741324677,"0.530, 0.406","0.399, 0.434","0.528, 0.519","0.431, 0.531","0.523, 0.550","0.454, 0.558","0.539, 0.695","0.430, 0.694","0.517, 0.613","0.468, 0.621","0.543, 0.831","0.417, 0.840","0.452, 0.416",0.517,0.613,0.468,0.621,0.543,0.831,0.417,0.84,0.53,0.406,0.399,0.434,0.528,0.519,0.431,0.531,0.523,0.55,0.454,0.558,0.539,0.695,0.43,0.694,Preparation
1.8018018018018016,1.507456933188941,5.573244078141407,185.5323409300649,176.38666847641326,171.2980467259892,214.23319598569935,184.23852401108635,174.95895437978186,"0.530, 0.406","0.399, 0.434","0.528, 0.519","0.431, 0.531","0.523, 0.550","0.454, 0.558","0.539, 0.695","0.430, 0.694","0.517, 0.613","0.468, 0.621","0.543, 0.831","0.417, 0.840","0.452, 0.416",0.517,0.613,0.468,0.621,0.543,0.831,0.417,0.84,0.53,0.406,0.399,0.434,0.528,0.519,0.431,0.531,0.523,0.55,0.454,0.558,0.539,0.695,0.43,0.694,Preparation
1.8351685018351689,1.503889983246551,5.541174759164075,185.54973287311677,176.43048200913546,171.3047725662529,214.3108157654394,184.25095925403417,174.849458081271,"0.530, 0.406","0.399, 0.434","0.528, 0.519","0.431, 0.531","0.524, 0.550","0.454, 0.558","0.539, 0.696","0.430, 0.694","0.517, 0.613","0.468, 0.621","0.543, 0.831","0.417, 0.840","0.452, 0.416",0.517,0.613,0.468,0.621,0.543,0.831,0.417,0.84,0.53,0.406,0.399,0.434,0.528,0.519,0.431,0.531,0.524,0.55,0.454,0.558,0.539,0.696,0.43,0.694,Preparation
1.8685352018685355,1.4973448241562215,5.487699816731393,185.55833873971773,176.45131779257017,171.3065368638437,214.37433007415228,184.293691848864,174.71692919685538,"0.530, 0.406","0.399, 0.434","0.528, 0.519","0.431, 0.532","0.524, 0.550","0.454, 0.558","0.539, 0.696","0.430, 0.694","0.517, 0.613","0.468, 0.621","0.543, 0.831","0.417, 0.840","0.452, 0.416",0.517,0.613,0.468,0.621,0.543,0.831,0.417,0.84,0.53,0.406,0.399,0.434,0.528,0.519,0.431,0.532,0.524,0.55,0.454,0.558,0.539,0.696,0.43,0.694,Preparation
1.901901901901902,1.5005640947290166,5.485979622780715,185.58500797692108,176.4631908395452,171.30313478312934,214.45088690695752,184.3179976257737,174.69741386758974,"0.530, 0.406","0.399, 0.434","0.528, 0.519","0.431, 0.532","0.523, 0.550","0.454, 0.558","0.539, 0.696","0.429, 0.694","0.517, 0.613","0.468, 0.621","0.543, 0.831","0.417, 0.840","0.452, 0.416",0.517,0.613,0.468,0.621,0.543,0.831,0.417,0.84,0.53,0.406,0.399,0.434,0.528,0.519,0.431,0.532,0.523,0.55,0.454,0.558,0.539,0.696,0.429,0.694,Preparation
1.9352686019352687,1.5432819036683458,5.479907919903259,185.7200735939711,176.46715505531765,171.27825052812003,214.4821125332817,184.36374210951465,174.67056025703798,"0.530, 0.406","0.399, 0.434","0.528, 0.519","0.431, 0.532","0.523, 0.550","0.454, 0.558","0.539, 0.696","0.429, 0.694","0.517, 0.613","0.468, 0.621","0.542, 0.831","0.417, 0.840","0.453, 0.417",0.517,0.613,0.468,0.621,0.542,0.831,0.417,0.84,0.53,0.406,0.399,0.434,0.528,0.519,0.431,0.532,0.523,0.55,0.454,0.558,0.539,0.696,0.429,0.694,Preparation
1.9686353019686356,1.5732857708253436,5.483448047994784,185.80020299372995,176.46915614264267,171.2575221552211,214.5133928074922,184.401281409332,174.65916247640283,"0.530, 0.406","0.399, 0.434","0.528, 0.519","0.431, 0.532","0.523, 0.550","0.454, 0.558","0.539, 0.696","0.429, 0.694","0.516, 0.613","0.468, 0.621","0.542, 0.831","0.416, 0.840","0.453, 0.417",0.516,0.613,0.468,0.621,0.542,0.831,0.416,0.84,0.53,0.406,0.399,0.434,0.528,0.519,0.431,0.532,0.523,0.55,0.454,0.558,0.539,0.696,0.429,0.694,Preparation
2.002002002002002,1.7816792821876166,5.416795109390476,185.82369409580997,176.41878239008133,170.87972963262203,214.455163667094,184.60878321811185,174.49504435214203,"0.530, 0.406","0.399, 0.434","0.528, 0.518","0.431, 0.532","0.523, 0.550","0.454, 0.558","0.539, 0.695","0.429, 0.694","0.516, 0.613","0.468, 0.621","0.542, 0.831","0.416, 0.840","0.453, 0.417",0.516,0.613,0.468,0.621,0.542,0.831,0.416,0.84,0.53,0.406,0.399,0.434,0.528,0.518,0.431,0.532,0.523,0.55,0.454,0.558,0.539,0.695,0.429,0.694,Preparation
2.035368702035369,1.9048449550223836,5.3752698281882,185.84240398958545,176.39194748675723,170.6739258216239,214.42741832753617,184.72409119851733,174.38440435191546,"0.530, 0.406","0.399, 0.435","0.528, 0.518","0.432, 0.532","0.523, 0.550","0.454, 0.558","0.539, 0.695","0.429, 0.694","0.516, 0.612","0.468, 0.621","0.542, 0.831","0.416, 0.840","0.453, 0.417",0.516,0.612,0.468,0.621,0.542,0.831,0.416,0.84,0.53,0.406,0.399,0.435,0.528,0.518,0.432,0.532,0.523,0.55,0.454,0.558,0.539,0.695,0.429,0.694,Preparation
2.0687354020687354,2.0198739463568662,5.402665318327111,186.0342924409397,176.2808687058388,170.64281753325983,214.4527970497171,184.7655154131428,174.33675912966353,"0.530, 0.406","0.399, 0.435","0.528, 0.518","0.432, 0.532","0.523, 0.550","0.454, 0.558","0.539, 0.695","0.429, 0.694","0.516, 0.612","0.468, 0.621","0.542, 0.831","0.416, 0.840","0.453, 0.417",0.516,0.612,0.468,0.621,0.542,0.831,0.416,0.84,0.53,0.406,0.399,0.435,0.528,0.518,0.432,0.532,0.523,0.55,0.454,0.558,0.539,0.695,0.429,0.694,Preparation
2.1021021021021022,2.0675849296700397,5.380652115808631,185.98237372933528,176.3006216367569,170.62721820981642,214.4381769161585,184.79371512026069,174.31228952464022,"0.530, 0.406","0.399, 0.435","0.528, 0.518","0.432, 0.532","0.522, 0.550","0.454, 0.558","0.539, 0.695","0.429, 0.694","0.517, 0.612","0.468, 0.621","0.542, 0.830","0.416, 0.840","0.453, 0.417",0.517,0.612,0.468,0.621,0.542,0.83,0.416,0.84,0.53,0.406,0.399,0.435,0.528,0.518,0.432,0.532,0.522,0.55,0.454,0.558,0.539,0.695,0.429,0.694,Preparation
2.135468802135469,2.4252462411919398,5.240595635489002,185.52460618691163,176.17807679045637,170.11554121572402,214.25681704226164,185.13594907420537,174.19170979329795,"0.530, 0.406","0.399, 0.435","0.528, 0.516","0.432, 0.532","0.522, 0.550","0.453, 0.558","0.539, 0.695","0.428, 0.695","0.518, 0.611","0.468, 0.621","0.542, 0.830","0.416, 0.839","0.453, 0.416",0.518,0.611,0.468,0.621,0.542,0.83,0.416,0.839,0.53,0.406,0.399,0.435,0.528,0.516,0.432,0.532,0.522,0.55,0.453,0.558,0.539,0.695,0.428,0.695,Preparation
2.1688355021688355,2.623124825499318,5.126552689391236,185.32986759940852,176.10025359297248,169.80899123702278,214.105441226587,185.3427295607872,174.13200179238967,"0.530, 0.406","0.399, 0.435","0.528, 0.516","0.431, 0.533","0.521, 0.550","0.453, 0.559","0.539, 0.695","0.428, 0.695","0.518, 0.610","0.468, 0.622","0.542, 0.830","0.416, 0.839","0.454, 0.416",0.518,0.61,0.468,0.622,0.542,0.83,0.416,0.839,0.53,0.406,0.399,0.435,0.528,0.516,0.431,0.533,0.521,0.55,0.453,0.559,0.539,0.695,0.428,0.695,Preparation
2.2022022022022023,2.71682667440123,5.08746514061127,185.13689800108,176.08102426316458,169.68391519958325,214.0940337170113,185.45131302625543,174.031108642712,"0.530, 0.406","0.399, 0.435","0.528, 0.515","0.431, 0.533","0.521, 0.551","0.453, 0.559","0.539, 0.695","0.428, 0.695","0.519, 0.610","0.468, 0.622","0.542, 0.829","0.416, 0.839","0.454, 0.415",0.519,0.61,0.468,0.622,0.542,0.829,0.416,0.839,0.53,0.406,0.399,0.435,0.528,0.515,0.431,0.533,0.521,0.551,0.453,0.559,0.539,0.695,0.428,0.695,Preparation
2.235568902235569,2.815110957724407,5.082824120976606,185.0315950009469,176.01564232353513,169.5947733052989,214.06354873066823,185.52595944707355,174.00394361183268,"0.530, 0.405","0.399, 0.435","0.528, 0.515","0.431, 0.533","0.521, 0.551","0.453, 0.559","0.539, 0.695","0.428, 0.695","0.519, 0.610","0.468, 0.622","0.542, 0.829","0.416, 0.838","0.454, 0.415",0.519,0.61,0.468,0.622,0.542,0.829,0.416,0.838,0.53,0.405,0.399,0.435,0.528,0.515,0.431,0.533,0.521,0.551,0.453,0.559,0.539,0.695,0.428,0.695,Preparation
2.2689356022689355,3.085411474151655,4.880974028691235,185.40140536899548,175.95678690850153,169.428314160903,213.7868895763232,185.68834972019644,174.0661822609292,"0.529, 0.404","0.399, 0.435","0.529, 0.513","0.431, 0.533","0.521, 0.551","0.452, 0.560","0.539, 0.695","0.428, 0.695","0.519, 0.609","0.468, 0.622","0.542, 0.829","0.416, 0.838","0.454, 0.415",0.519,0.609,0.468,0.622,0.542,0.829,0.416,0.838,0.529,0.404,0.399,0.435,0.529,0.513,0.431,0.533,0.521,0.551,0.452,0.56,0.539,0.695,0.428,0.695,Preparation
2.3023023023023024,3.152575988807338,4.903703030909698,185.71942078721787,175.8205380572492,169.44572720090423,213.8116014597568,185.72841877277145,174.01064237711884,"0.529, 0.404","0.399, 0.436","0.529, 0.513","0.431, 0.533","0.521, 0.551","0.452, 0.560","0.539, 0.695","0.427, 0.695","0.519, 0.608","0.468, 0.622","0.542, 0.829","0.416, 0.838","0.455, 0.415",0.519,0.608,0.468,0.622,0.542,0.829,0.416,0.838,0.529,0.404,0.399,0.436,0.529,0.513,0.431,0.533,0.521,0.551,0.452,0.56,0.539,0.695,0.427,0.695,Preparation
2.335669002335669,3.226533514424068,4.887489929010388,186.0495301800931,175.73555353806572,169.47166957091306,213.7806520232511,185.7704201263372,173.97625341826918,"0.529, 0.404","0.399, 0.436","0.529, 0.513","0.431, 0.534","0.521, 0.551","0.452, 0.560","0.539, 0.695","0.427, 0.695","0.519, 0.608","0.468, 0.622","0.542, 0.829","0.416, 0.837","0.455, 0.416",0.519,0.608,0.468,0.622,0.542,0.829,0.416,0.837,0.529,0.404,0.399,0.436,0.529,0.513,0.431,0.534,0.521,0.551,0.452,0.56,0.539,0.695,0.427,0.695,Preparation
2.369035702369036,3.319559007468269,4.6316102027636905,186.20600225207377,175.635595818128,169.46345379420237,213.4799209313285,185.88792272554653,174.01248490393027,"0.529, 0.404","0.399, 0.436","0.529, 0.513","0.431, 0.534","0.520, 0.552","0.452, 0.561","0.539, 0.695","0.427, 0.695","0.519, 0.608","0.468, 0.622","0.542, 0.829","0.416, 0.837","0.455, 0.416",0.519,0.608,0.468,0.622,0.542,0.829,0.416,0.837,0.529,0.404,0.399,0.436,0.529,0.513,0.431,0.534,0.52,0.552,0.452,0.561,0.539,0.695,0.427,0.695,Preparation
2.4024024024024024,3.5486970757696885,4.473480701762428,186.4994598513092,175.59499062376196,169.26439903416727,213.22625910966784,186.0514292159488,174.06127390147844,"0.529, 0.404","0.399, 0.436","0.529, 0.513","0.431, 0.534","0.520, 0.552","0.452, 0.561","0.539, 0.695","0.427, 0.695","0.519, 0.608","0.468, 0.622","0.542, 0.829","0.416, 0.836","0.455, 0.416",0.519,0.608,0.468,0.622,0.542,0.829,0.416,0.836,0.529,0.404,0.399,0.436,0.529,0.513,0.431,0.534,0.52,0.552,0.452,0.561,0.539,0.695,0.427,0.695,Preparation
2.4357691024357693,3.876263627499427,4.393544470649004,187.0474772333241,175.60994114062515,169.18948749220317,213.17986800188967,186.19806661309173,174.03557027883784,"0.528, 0.404","0.399, 0.436","0.529, 0.513","0.431, 0.534","0.520, 0.552","0.451, 0.561","0.539, 0.695","0.427, 0.695","0.519, 0.608","0.468, 0.622","0.542, 0.829","0.416, 0.836","0.454, 0.414",0.519,0.608,0.468,0.622,0.542,0.829,0.416,0.836,0.528,0.404,0.399,0.436,0.529,0.513,0.431,0.534,0.52,0.552,0.451,0.561,0.539,0.695,0.427,0.695,Preparation
2.469135802469136,4.222777065131277,4.3483947498472615,188.06745210518764,175.59920517802223,169.09235451798108,213.20928428704912,186.27210951768728,173.94164653865053,"0.528, 0.404","0.398, 0.436","0.530, 0.513","0.431, 0.534","0.520, 0.552","0.451, 0.561","0.539, 0.695","0.427, 0.695","0.518, 0.608","0.468, 0.622","0.542, 0.829","0.416, 0.836","0.453, 0.412",0.518,0.608,0.468,0.622,0.542,0.829,0.416,0.836,0.528,0.404,0.398,0.436,0.53,0.513,0.431,0.534,0.52,0.552,0.451,0.561,0.539,0.695,0.427,0.695,Preparation
2.5025025025025025,4.465646846428893,4.329330391581885,188.87141069966444,175.58077597553043,169.03730292352486,213.2583679320936,186.3131609429003,173.84714419059338,"0.528, 0.404","0.398, 0.436","0.530, 0.513","0.431, 0.534","0.519, 0.552","0.451, 0.561","0.539, 0.695","0.427, 0.695","0.517, 0.608","0.468, 0.622","0.542, 0.829","0.416, 0.837","0.453, 0.412",0.517,0.608,0.468,0.622,0.542,0.829,0.416,0.837,0.528,0.404,0.398,0.436,0.53,0.513,0.431,0.534,0.519,0.552,0.451,0.561,0.539,0.695,0.427,0.695,Preparation
2.5358692025358693,4.576822256741306,4.246330632799859,188.95530394932703,175.61869306228527,169.04256583567002,213.41001264018857,186.3289944108733,173.6782086035645,"0.528, 0.404","0.398, 0.436","0.530, 0.513","0.431, 0.534","0.519, 0.552","0.451, 0.561","0.539, 0.696","0.426, 0.695","0.518, 0.607","0.468, 0.621","0.542, 0.829","0.416, 0.837","0.453, 0.409",0.518,0.607,0.468,0.621,0.542,0.829,0.416,0.837,0.528,0.404,0.398,0.436,0.53,0.513,0.431,0.534,0.519,0.552,0.451,0.561,0.539,0.696,0.426,0.695,Preparation
2.569235902569236,4.656744958123209,4.159157294545923,189.1147649245521,175.70215360380217,169.01794472067226,213.51413966428203,186.3574487207744,173.53223284559533,"0.528, 0.404","0.398, 0.436","0.530, 0.513","0.431, 0.534","0.519, 0.553","0.451, 0.562","0.539, 0.696","0.426, 0.696","0.518, 0.607","0.468, 0.621","0.542, 0.829","0.416, 0.837","0.452, 0.408",0.518,0.607,0.468,0.621,0.542,0.829,0.416,0.837,0.528,0.404,0.398,0.436,0.53,0.513,0.431,0.534,0.519,0.553,0.451,0.562,0.539,0.696,0.426,0.696,Preparation
2.6026026026026026,4.697876812694199,4.059907613571227,189.17080630927185,175.58410011344424,169.04738490185304,213.6165429346648,186.3215480087728,173.54754707622186,"0.528, 0.405","0.397, 0.435","0.531, 0.513","0.431, 0.534","0.519, 0.553","0.451, 0.562","0.539, 0.697","0.426, 0.697","0.518, 0.607","0.469, 0.621","0.542, 0.829","0.415, 0.837","0.452, 0.410",0.518,0.607,0.469,0.621,0.542,0.829,0.415,0.837,0.528,0.405,0.397,0.435,0.531,0.513,0.431,0.534,0.519,0.553,0.451,0.562,0.539,0.697,0.426,0.697,Preparation
2.6359693026359694,4.724016316601536,3.928362243449092,189.02312625754175,175.33171026616134,169.0323192362709,213.6740185833948,186.2841676223394,173.61617904166383,"0.528, 0.405","0.397, 0.436","0.531, 0.513","0.431, 0.533","0.519, 0.554","0.451, 0.562","0.538, 0.698","0.425, 0.699","0.518, 0.607","0.469, 0.621","0.541, 0.829","0.415, 0.837","0.452, 0.412",0.518,0.607,0.469,0.621,0.541,0.829,0.415,0.837,0.528,0.405,0.397,0.436,0.531,0.513,0.431,0.533,0.519,0.554,0.451,0.562,0.538,0.698,0.425,0.699,Preparation
2.669336002669336,4.731771886424995,3.838933957332565,188.96650011432325,175.20447173728377,169.01943430214416,213.72490418307328,186.22699454417875,173.7013848232542,"0.528, 0.406","0.396, 0.436","0.530, 0.514","0.430, 0.533","0.519, 0.555","0.450, 0.563","0.538, 0.699","0.425, 0.700","0.518, 0.607","0.469, 0.621","0.541, 0.829","0.414, 0.837","0.452, 0.412",0.518,0.607,0.469,0.621,0.541,0.829,0.414,0.837,0.528,0.406,0.396,0.436,0.53,0.514,0.43,0.533,0.519,0.555,0.45,0.563,0.538,0.699,0.425,0.7,Preparation
2.702702702702702,4.882803564146692,3.73932739004261,188.8286080190315,174.91494287565524,168.7515429243928,213.60082261199625,186.30021801154967,173.7849882837679,"0.528, 0.406","0.396, 0.436","0.530, 0.514","0.430, 0.533","0.519, 0.555","0.450, 0.563","0.538, 0.699","0.424, 0.700","0.518, 0.608","0.469, 0.621","0.541, 0.829","0.414, 0.838","0.452, 0.413",0.518,0.608,0.469,0.621,0.541,0.829,0.414,0.838,0.528,0.406,0.396,0.436,0.53,0.514,0.43,0.533,0.519,0.555,0.45,0.563,0.538,0.699,0.424,0.7,Preparation
2.736069402736069,4.860313587374948,3.581031182252538,188.7170597755322,174.89411294361474,168.69160147530795,213.58127126718543,186.3395346380754,173.72417935735115,"0.528, 0.406","0.395, 0.436","0.530, 0.514","0.430, 0.533","0.519, 0.556","0.450, 0.563","0.538, 0.699","0.424, 0.700","0.518, 0.608","0.469, 0.620","0.541, 0.829","0.414, 0.838","0.452, 0.413",0.518,0.608,0.469,0.62,0.541,0.829,0.414,0.838,0.528,0.406,0.395,0.436,0.53,0.514,0.43,0.533,0.519,0.556,0.45,0.563,0.538,0.699,0.424,0.7,Preparation
2.7694361027694363,4.961212191857973,3.3631887016538653,188.28589657515676,174.69115820891687,168.5593601875373,213.4833078000713,186.4244191410648,173.77948600614388,"0.528, 0.406","0.395, 0.436","0.530, 0.513","0.430, 0.532","0.518, 0.556","0.449, 0.563","0.538, 0.699","0.424, 0.700","0.519, 0.608","0.470, 0.618","0.541, 0.829","0.413, 0.838","0.451, 0.413",0.519,0.608,0.47,0.618,0.541,0.829,0.413,0.838,0.528,0.406,0.395,0.436,0.53,0.513,0.43,0.532,0.518,0.556,0.449,0.563,0.538,0.699,0.424,0.7,Preparation
2.802802802802803,5.051459731211502,3.200850950693793,188.10560102966596,174.53775699212457,168.3925259210004,213.38098297548515,186.54440315533984,173.77388400509545,"0.528, 0.406","0.395, 0.436","0.530, 0.513","0.430, 0.531","0.518, 0.556","0.449, 0.563","0.538, 0.699","0.424, 0.701","0.519, 0.607","0.470, 0.617","0.541, 0.829","0.413, 0.838","0.450, 0.413",0.519,0.607,0.47,0.617,0.541,0.829,0.413,0.838,0.528,0.406,0.395,0.436,0.53,0.513,0.43,0.531,0.518,0.556,0.449,0.563,0.538,0.699,0.424,0.701,Preparation
2.836169502836169,5.031955808868756,3.4226598199720555,188.02710498684223,174.24193153848765,168.29954787317584,213.70106085926716,186.7538283315184,173.55863286601328,"0.528, 0.406","0.396, 0.436","0.530, 0.512","0.430, 0.531","0.518, 0.554","0.449, 0.562","0.538, 0.698","0.423, 0.701","0.519, 0.607","0.470, 0.617","0.541, 0.829","0.413, 0.838","0.449, 0.414",0.519,0.607,0.47,0.617,0.541,0.829,0.413,0.838,0.528,0.406,0.396,0.436,0.53,0.512,0.43,0.531,0.518,0.554,0.449,0.562,0.538,0.698,0.423,0.701,Preparation
2.8695362028695364,4.987478459553788,3.6276727833467857,188.034836190491,173.96063031960853,168.2235760435996,213.9437308648678,186.90525913895675,173.37914685036185,"0.528, 0.406","0.396, 0.437","0.530, 0.512","0.429, 0.531","0.518, 0.553","0.449, 0.561","0.538, 0.697","0.423, 0.701","0.519, 0.607","0.470, 0.617","0.541, 0.828","0.413, 0.838","0.449, 0.415",0.519,0.607,0.47,0.617,0.541,0.828,0.413,0.838,0.528,0.406,0.396,0.437,0.53,0.512,0.429,0.531,0.518,0.553,0.449,0.561,0.538,0.697,0.423,0.701,Preparation
2.902902902902903,4.957688456746509,3.65650636934853,187.98946776166903,173.7487971488837,168.1914360288533,214.0229209381223,187.01434061241292,173.24402871822585,"0.528, 0.406","0.396, 0.437","0.530, 0.512","0.429, 0.531","0.518, 0.553","0.449, 0.561","0.538, 0.696","0.423, 0.701","0.519, 0.607","0.471, 0.616","0.541, 0.828","0.413, 0.838","0.449, 0.415",0.519,0.607,0.471,0.616,0.541,0.828,0.413,0.838,0.528,0.406,0.396,0.437,0.53,0.512,0.429,0.531,0.518,0.553,0.449,0.561,0.538,0.696,0.423,0.701,Preparation
2.9362696029362696,4.92027004792737,3.726720972986349,187.92075800146375,173.5015336457129,168.1283525304395,214.1206883795162,187.10880888030445,173.1207742133685,"0.528, 0.406","0.396, 0.437","0.530, 0.512","0.429, 0.532","0.518, 0.553","0.449, 0.561","0.538, 0.696","0.423, 0.701","0.519, 0.607","0.471, 0.616","0.541, 0.828","0.413, 0.838","0.448, 0.415",0.519,0.607,0.471,0.616,0.541,0.828,0.413,0.838,0.528,0.406,0.396,0.437,0.53,0.512,0.429,0.532,0.518,0.553,0.449,0.561,0.538,0.696,0.423,0.701,Preparation
2.9696363029696364,5.003595727091897,3.628153110559569,188.16559577264863,173.45886060647445,168.2572056448301,214.2662133347769,187.1042510011435,172.9171831882598,"0.527, 0.406","0.395, 0.437","0.530, 0.512","0.429, 0.532","0.518, 0.553","0.449, 0.561","0.538, 0.696","0.422, 0.701","0.519, 0.605","0.471, 0.616","0.541, 0.828","0.413, 0.838","0.448, 0.415",0.519,0.605,0.471,0.616,0.541,0.828,0.413,0.838,0.527,0.406,0.395,0.437,0.53,0.512,0.429,0.532,0.518,0.553,0.449,0.561,0.538,0.696,0.422,0.701,Preparation
3.0030030030030037,5.0588545840827495,3.542107006671182,188.3193636140237,173.45526363244522,168.33944244965372,214.3725474792924,187.09617996429608,172.76830975584463,"0.527, 0.406","0.395, 0.437","0.530, 0.512","0.429, 0.532","0.518, 0.553","0.449, 0.562","0.538, 0.696","0.422, 0.701","0.519, 0.605","0.471, 0.615","0.541, 0.828","0.413, 0.838","0.448, 0.415",0.519,0.605,0.471,0.615,0.541,0.828,0.413,0.838,0.527,0.406,0.395,0.437,0.53,0.512,0.429,0.532,0.518,0.553,0.449,0.562,0.538,0.696,0.422,0.701,Preparation
3.0363697030363697,4.830034759062745,3.250407755215389,188.21872540688676,173.50935305658905,168.47297331093534,214.36619626576248,187.33554797725853,172.55851970349747,"0.526, 0.406","0.395, 0.438","0.529, 0.512","0.430, 0.532","0.518, 0.554","0.449, 0.563","0.538, 0.696","0.422, 0.701","0.518, 0.604","0.471, 0.615","0.541, 0.828","0.413, 0.838","0.446, 0.414",0.518,0.604,0.471,0.615,0.541,0.828,0.413,0.838,0.526,0.406,0.395,0.438,0.529,0.512,0.43,0.532,0.518,0.554,0.449,0.563,0.538,0.696,0.422,0.701,Preparation
3.0697364030697365,4.6611274529083335,2.9666773299434746,188.25532138741767,173.46364409816454,168.6590926935647,214.36589082627975,187.5697384235608,172.38657291882794,"0.525, 0.405","0.395, 0.438","0.528, 0.512","0.430, 0.532","0.517, 0.554","0.449, 0.564","0.538, 0.696","0.422, 0.701","0.518, 0.604","0.471, 0.615","0.541, 0.828","0.413, 0.838","0.444, 0.408",0.518,0.604,0.471,0.615,0.541,0.828,0.413,0.838,0.525,0.405,0.395,0.438,0.528,0.512,0.43,0.532,0.517,0.554,0.449,0.564,0.538,0.696,0.422,0.701,Preparation
3.1031031031031038,4.364048722307528,2.8230785876891904,188.19003298790508,173.44886895470196,168.62430228804777,214.5506726161728,187.68145603909892,172.19562587171075,"0.524, 0.405","0.395, 0.439","0.527, 0.512","0.430, 0.533","0.517, 0.555","0.449, 0.565","0.538, 0.696","0.421, 0.700","0.517, 0.604","0.471, 0.615","0.541, 0.827","0.413, 0.838","0.442, 0.409",0.517,0.604,0.471,0.615,0.541,0.827,0.413,0.838,0.524,0.405,0.395,0.439,0.527,0.512,0.43,0.533,0.517,0.555,0.449,0.565,0.538,0.696,0.421,0.7,Preparation
3.1364698031364697,4.235276488712634,2.7835466807197995,188.1869776484484,173.42693145267242,168.55986226901604,214.78897576538463,187.74900375216623,171.99101659611148,"0.524, 0.405","0.394, 0.439","0.527, 0.513","0.430, 0.534","0.517, 0.555","0.448, 0.565","0.538, 0.696","0.421, 0.700","0.516, 0.604","0.471, 0.615","0.541, 0.827","0.412, 0.838","0.441, 0.409",0.516,0.604,0.471,0.615,0.541,0.827,0.412,0.838,0.524,0.405,0.394,0.439,0.527,0.513,0.43,0.534,0.517,0.555,0.448,0.565,0.538,0.696,0.421,0.7,Preparation
3.169836503169837,4.60432980445968,2.886544030260125,188.9647597402229,173.00358828381448,168.63952524197998,214.89863073476005,187.8548662065732,172.02792224337213,"0.523, 0.405","0.394, 0.440","0.527, 0.513","0.430, 0.535","0.517, 0.555","0.448, 0.565","0.538, 0.696","0.421, 0.700","0.516, 0.603","0.472, 0.615","0.541, 0.827","0.412, 0.838","0.441, 0.406",0.516,0.603,0.472,0.615,0.541,0.827,0.412,0.838,0.523,0.405,0.394,0.44,0.527,0.513,0.43,0.535,0.517,0.555,0.448,0.565,0.538,0.696,0.421,0.7,Address
3.2032032032032034,4.836725623182548,2.9254424891267043,189.37928746583128,172.7354308723117,168.59984081208026,214.9052267586139,187.94575071270776,172.095311311847,"0.523, 0.405","0.394, 0.441","0.527, 0.513","0.430, 0.536","0.516, 0.555","0.448, 0.565","0.538, 0.696","0.421, 0.699","0.516, 0.602","0.472, 0.615","0.541, 0.827","0.412, 0.838","0.441, 0.405",0.516,0.602,0.472,0.615,0.541,0.827,0.412,0.838,0.523,0.405,0.394,0.441,0.527,0.513,0.43,0.536,0.516,0.555,0.448,0.565,0.538,0.696,0.421,0.699,Address
3.2365699032365702,4.878327152830451,2.7812097041319093,188.47201541308277,171.95744289008292,168.250088693564,214.3915939353145,188.3005395231737,172.4055843594367,"0.523, 0.406","0.394, 0.441","0.527, 0.515","0.429, 0.536","0.516, 0.558","0.447, 0.567","0.538, 0.697","0.421, 0.700","0.518, 0.603","0.472, 0.615","0.541, 0.827","0.412, 0.838","0.441, 0.405",0.518,0.603,0.472,0.615,0.541,0.827,0.412,0.838,0.523,0.406,0.394,0.441,0.527,0.515,0.429,0.536,0.516,0.558,0.447,0.567,0.538,0.697,0.421,0.7,Address
3.2699366032699366,4.870306317099054,2.600398941731186,187.7116770211437,171.436927213246,167.8551413412802,213.8240537342814,188.6297320059411,172.65674929090412,"0.522, 0.406","0.393, 0.441","0.527, 0.515","0.428, 0.536","0.515, 0.559","0.447, 0.568","0.538, 0.698","0.420, 0.700","0.518, 0.603","0.472, 0.615","0.541, 0.827","0.411, 0.838","0.440, 0.404",0.518,0.603,0.472,0.615,0.541,0.827,0.411,0.838,0.522,0.406,0.393,0.441,0.527,0.515,0.428,0.536,0.515,0.559,0.447,0.568,0.538,0.698,0.42,0.7,Address
3.3033033033033035,4.924388513744104,2.910061549301993,188.10545835741303,171.3560234744215,167.290008922551,213.33209051509505,188.9971597999446,172.79517883981646,"0.522, 0.407","0.393, 0.440","0.526, 0.516","0.427, 0.536","0.514, 0.561","0.446, 0.568","0.538, 0.699","0.420, 0.700","0.517, 0.605","0.470, 0.616","0.540, 0.827","0.411, 0.838","0.440, 0.405",0.517,0.605,0.47,0.616,0.54,0.827,0.411,0.838,0.522,0.407,0.393,0.44,0.526,0.516,0.427,0.536,0.514,0.561,0.446,0.568,0.538,0.699,0.42,0.7,Address
3.3366700033366703,5.088001448315262,3.077113248421787,188.7091897602304,171.2012122360866,167.02022797790474,212.97457533554493,189.16466708827744,172.90426548614727,"0.522, 0.407","0.393, 0.439","0.526, 0.516","0.426, 0.535","0.514, 0.562","0.445, 0.568","0.538, 0.700","0.420, 0.700","0.516, 0.606","0.469, 0.616","0.540, 0.827","0.411, 0.838","0.440, 0.405",0.516,0.606,0.469,0.616,0.54,0.827,0.411,0.838,0.522,0.407,0.393,0.439,0.526,0.516,0.426,0.535,0.514,0.562,0.445,0.568,0.538,0.7,0.42,0.7,Address
3.3700367033700367,5.548846652476724,2.890549796679159,188.9452917298666,170.715960537744,166.20295935368495,211.2763188280134,189.41492644317728,173.46684461983511,"0.522, 0.407","0.393, 0.437","0.526, 0.516","0.425, 0.535","0.513, 0.562","0.444, 0.568","0.538, 0.700","0.420, 0.700","0.515, 0.607","0.467, 0.616","0.540, 0.827","0.412, 0.838","0.440, 0.405",0.515,0.607,0.467,0.616,0.54,0.827,0.412,0.838,0.522,0.407,0.393,0.437,0.526,0.516,0.425,0.535,0.513,0.562,0.444,0.568,0.538,0.7,0.42,0.7,Address
3.4034034034034035,5.054479470041879,3.13460917653828,188.91419521340717,171.4329927468702,166.38803390014445,211.21708440903137,188.83644178260408,173.84543030405695,"0.522, 0.407","0.392, 0.437","0.525, 0.517","0.425, 0.535","0.513, 0.561","0.443, 0.566","0.537, 0.700","0.420, 0.700","0.513, 0.608","0.466, 0.616","0.540, 0.828","0.412, 0.838","0.440, 0.406",0.513,0.608,0.466,0.616,0.54,0.828,0.412,0.838,0.522,0.407,0.392,0.437,0.525,0.517,0.425,0.535,0.513,0.561,0.443,0.566,0.537,0.7,0.42,0.7,Address
3.4367701034367704,4.835438791823216,3.328915640403381,188.8431266749964,171.83501929031794,166.50178137922563,211.2725930949308,188.5131444700622,174.0497868681135,"0.522, 0.407","0.392, 0.437","0.524, 0.518","0.425, 0.535","0.512, 0.560","0.443, 0.565","0.537, 0.700","0.420, 0.699","0.512, 0.609","0.465, 0.616","0.540, 0.828","0.412, 0.838","0.440, 0.408",0.512,0.609,0.465,0.616,0.54,0.828,0.412,0.838,0.522,0.407,0.392,0.437,0.524,0.518,0.425,0.535,0.512,0.56,0.443,0.565,0.537,0.7,0.42,0.699,Address
3.4701368034701368,3.7259291603955447,4.318439242879403,187.29590014383265,172.1439041003893,167.07771063169056,211.3423081087227,187.94842340957612,175.28699105262862,"0.521, 0.407","0.391, 0.437","0.522, 0.518","0.423, 0.535","0.512, 0.558","0.443, 0.564","0.536, 0.700","0.421, 0.699","0.511, 0.608","0.461, 0.616","0.540, 0.828","0.410, 0.839","0.440, 0.408",0.511,0.608,0.461,0.616,0.54,0.828,0.41,0.839,0.521,0.407,0.391,0.437,0.522,0.518,0.423,0.535,0.512,0.558,0.443,0.564,0.536,0.7,0.421,0.699,Address
3.503503503503504,3.168338839353634,4.844825947637806,186.86719656923668,172.13456827386975,167.39695399316184,211.38172168753505,187.5697373807499,175.94020146171115,"0.521, 0.408","0.391, 0.437","0.521, 0.518","0.422, 0.534","0.512, 0.557","0.443, 0.564","0.536, 0.700","0.421, 0.699","0.510, 0.608","0.460, 0.616","0.540, 0.828","0.409, 0.840","0.440, 0.409",0.51,0.608,0.46,0.616,0.54,0.828,0.409,0.84,0.521,0.408,0.391,0.437,0.521,0.518,0.422,0.534,0.512,0.557,0.443,0.564,0.536,0.7,0.421,0.699,Preparation
3.5368702035368704,4.373763659247833,6.449596714444218,189.8159322374474,172.4558395278977,168.5277821392508,212.42522219878128,186.41495447244444,176.49449936693293,"0.518, 0.408","0.389, 0.436","0.521, 0.517","0.419, 0.533","0.511, 0.552","0.442, 0.556","0.534, 0.699","0.421, 0.694","0.509, 0.604","0.457, 0.615","0.540, 0.828","0.409, 0.839","0.441, 0.409",0.509,0.604,0.457,0.615,0.54,0.828,0.409,0.839,0.518,0.408,0.389,0.436,0.521,0.517,0.419,0.533,0.511,0.552,0.442,0.556,0.534,0.699,0.421,0.694,Preparation
3.5702369035702373,4.829732423772896,7.164913170492233,191.18918195949783,173.6434181567807,169.00555112629047,213.31446817007875,185.7692285118796,176.79075060158507,"0.516, 0.408","0.387, 0.436","0.521, 0.517","0.418, 0.532","0.510, 0.548","0.442, 0.553","0.533, 0.698","0.421, 0.692","0.507, 0.604","0.456, 0.615","0.539, 0.829","0.408, 0.839","0.441, 0.409",0.507,0.604,0.456,0.615,0.539,0.829,0.408,0.839,0.516,0.408,0.387,0.436,0.521,0.517,0.418,0.532,0.51,0.548,0.442,0.553,0.533,0.698,0.421,0.692,Preparation
3.603603603603604,5.397463568559111,7.305328299765742,194.19965991822056,173.68035505477357,167.74988656130938,212.26808631754452,186.55165584464197,177.43208586716514,"0.514, 0.408","0.387, 0.437","0.519, 0.516","0.416, 0.531","0.507, 0.548","0.440, 0.552","0.533, 0.698","0.421, 0.692","0.502, 0.602","0.452, 0.613","0.539, 0.830","0.409, 0.838","0.441, 0.409",0.502,0.602,0.452,0.613,0.539,0.83,0.409,0.838,0.514,0.408,0.387,0.437,0.519,0.516,0.416,0.531,0.507,0.548,0.44,0.552,0.533,0.698,0.421,0.692,Preparation
3.6369703036369705,5.797716524386394,6.717023300853222,195.50079402646423,173.84856802964876,167.29708597592958,211.23080950596156,186.84495388031388,177.91590780716817,"0.513, 0.408","0.387, 0.437","0.519, 0.515","0.416, 0.530","0.506, 0.548","0.439, 0.553","0.532, 0.698","0.421, 0.693","0.500, 0.600","0.452, 0.611","0.539, 0.830","0.409, 0.838","0.441, 0.409",0.5,0.6,0.452,0.611,0.539,0.83,0.409,0.838,0.513,0.408,0.387,0.437,0.519,0.515,0.416,0.53,0.506,0.548,0.439,0.553,0.532,0.698,0.421,0.693,Preparation
3.670337003670337,2.7814565808926384,6.733636098625682,195.0157830861164,180.61682165509532,167.55769642050183,209.7917509579465,186.91349279085048,178.45767455180777,"0.511, 0.408","0.387, 0.435","0.512, 0.515","0.414, 0.526","0.505, 0.548","0.437, 0.552","0.532, 0.698","0.421, 0.694","0.490, 0.599","0.438, 0.611","0.539, 0.831","0.409, 0.838","0.440, 0.410",0.49,0.599,0.438,0.611,0.539,0.831,0.409,0.838,0.511,0.408,0.387,0.435,0.512,0.515,0.414,0.526,0.505,0.548,0.437,0.552,0.532,0.698,0.421,0.694,Address
3.703703703703704,2.1229464539062235,10.12427758221225,196.52896358113597,176.92938935679427,168.19338259488515,207.6464431600964,186.3043014775888,179.0725979047021,"0.508, 0.410","0.386, 0.429","0.509, 0.517","0.404, 0.517","0.504, 0.550","0.435, 0.553","0.530, 0.698","0.421, 0.694","0.485, 0.598","0.426, 0.600","0.538, 0.831","0.409, 0.837","0.436, 0.408",0.485,0.598,0.426,0.6,0.538,0.831,0.409,0.837,0.508,0.41,0.386,0.429,0.509,0.517,0.404,0.517,0.504,0.55,0.435,0.553,0.53,0.698,0.421,0.694,Address
3.737070403737071,1.8989749563158849,11.100392390137786,198.33368145344417,175.39896214233968,168.84171564133823,206.85284178907,185.5789843125573,179.29399659197452,"0.507, 0.411","0.385, 0.426","0.508, 0.518","0.401, 0.515","0.503, 0.550","0.435, 0.553","0.529, 0.697","0.421, 0.693","0.482, 0.597","0.423, 0.598","0.538, 0.832","0.409, 0.837","0.435, 0.407",0.482,0.597,0.423,0.598,0.538,0.832,0.409,0.837,0.507,0.411,0.385,0.426,0.508,0.518,0.401,0.515,0.503,0.55,0.435,0.553,0.529,0.697,0.421,0.693,Address
3.770437103770437,2.613748399042162,12.294792038086674,198.5561454682821,174.73030195625722,168.70554455356066,206.4027010876921,185.9420335640709,177.98639643124608,"0.506, 0.412","0.385, 0.423","0.499, 0.520","0.398, 0.511","0.503, 0.550","0.433, 0.553","0.529, 0.696","0.419, 0.690","0.468, 0.594","0.418, 0.594","0.538, 0.832","0.410, 0.836","0.435, 0.407",0.468,0.594,0.418,0.594,0.538,0.832,0.41,0.836,0.506,0.412,0.385,0.423,0.499,0.52,0.398,0.511,0.503,0.55,0.433,0.553,0.529,0.696,0.419,0.69,Address
3.803803803803804,5.583286201396145,15.25247632424255,201.3818475230124,175.48817545505142,168.39886819282825,206.94899067897472,186.62608801664493,174.76555922170758,"0.503, 0.412","0.384, 0.422","0.491, 0.520","0.392, 0.512","0.501, 0.553","0.432, 0.554","0.528, 0.696","0.415, 0.690","0.452, 0.593","0.405, 0.597","0.538, 0.832","0.410, 0.835","0.434, 0.406",0.452,0.593,0.405,0.597,0.538,0.832,0.41,0.835,0.503,0.412,0.384,0.422,0.491,0.52,0.392,0.512,0.501,0.553,0.432,0.554,0.528,0.696,0.415,0.69,Address
3.8371705038371706,6.217945971780468,15.532242167701437,201.977495276871,175.69872863838745,168.1142163982656,206.9852179042406,187.00375871419183,173.3649900102831,"0.502, 0.413","0.384, 0.421","0.489, 0.520","0.390, 0.511","0.500, 0.555","0.431, 0.554","0.528, 0.696","0.413, 0.691","0.448, 0.594","0.403, 0.598","0.538, 0.832","0.411, 0.835","0.434, 0.407",0.448,0.594,0.403,0.598,0.538,0.832,0.411,0.835,0.502,0.413,0.384,0.421,0.489,0.52,0.39,0.511,0.5,0.555,0.431,0.554,0.528,0.696,0.413,0.691,Address
3.8705372038705375,9.247216845471716,16.035104280266776,205.7535485693612,182.22820333384232,168.61204941662277,207.07693642656213,186.78478810447865,173.57271843643915,"0.501, 0.413","0.384, 0.421","0.483, 0.522","0.390, 0.513","0.501, 0.559","0.431, 0.555","0.528, 0.697","0.413, 0.691","0.432, 0.594","0.392, 0.599","0.538, 0.832","0.411, 0.835","0.434, 0.406",0.432,0.594,0.392,0.599,0.538,0.832,0.411,0.835,0.501,0.413,0.384,0.421,0.483,0.522,0.39,0.513,0.501,0.559,0.431,0.555,0.528,0.697,0.413,0.691,Address
3.903903903903904,9.877768842579911,16.337317759350388,206.47414933171345,182.8461217558119,168.92665120345134,207.05155923183645,186.6629104271989,173.73752859209424,"0.501, 0.413","0.384, 0.422","0.482, 0.523","0.389, 0.513","0.501, 0.560","0.431, 0.555","0.528, 0.697","0.414, 0.690","0.430, 0.594","0.390, 0.599","0.538, 0.832","0.411, 0.835","0.434, 0.407",0.43,0.594,0.39,0.599,0.538,0.832,0.411,0.835,0.501,0.413,0.384,0.422,0.482,0.523,0.389,0.513,0.501,0.56,0.431,0.555,0.528,0.697,0.414,0.69,Address
3.937270603937271,11.822772478138315,20.78786926836768,212.30146164556197,184.08010593571169,170.0671327380132,207.3063544793179,186.07380569374396,173.519897408807,"0.499, 0.416","0.384, 0.420","0.478, 0.522","0.382, 0.511","0.501, 0.560","0.432, 0.556","0.527, 0.697","0.414, 0.691","0.413, 0.591","0.374, 0.597","0.538, 0.832","0.411, 0.835","0.433, 0.408",0.413,0.591,0.374,0.597,0.538,0.832,0.411,0.835,0.499,0.416,0.384,0.42,0.478,0.522,0.382,0.511,0.501,0.56,0.432,0.556,0.527,0.697,0.414,0.691,Address
3.9706373039706375,12.486918903761053,21.450484859705032,213.13357555051527,184.05977812584828,170.61674333915107,207.43530622300204,185.5698855017179,173.3839616507781,"0.498, 0.417","0.384, 0.419","0.477, 0.521","0.381, 0.509","0.501, 0.560","0.433, 0.557","0.527, 0.698","0.414, 0.691","0.409, 0.590","0.372, 0.596","0.538, 0.832","0.411, 0.835","0.433, 0.410",0.409,0.59,0.372,0.596,0.538,0.832,0.411,0.835,0.498,0.417,0.384,0.419,0.477,0.521,0.381,0.509,0.501,0.56,0.433,0.557,0.527,0.698,0.414,0.691,Address
4.004004004004004,17.29102367444123,26.227715999016315,212.187020454549,187.3838003803317,172.1184999420937,207.0868966842229,184.8696785800386,173.46539460686586,"0.496, 0.422","0.385, 0.419","0.469, 0.522","0.374, 0.504","0.501, 0.560","0.433, 0.557","0.526, 0.698","0.414, 0.691","0.395, 0.590","0.353, 0.587","0.538, 0.832","0.410, 0.835","0.432, 0.411",0.395,0.59,0.353,0.587,0.538,0.832,0.41,0.835,0.496,0.422,0.385,0.419,0.469,0.522,0.374,0.504,0.501,0.56,0.433,0.557,0.526,0.698,0.414,0.691,Address
4.037370704037371,18.000078188138385,27.41308555200269,212.37782944750788,186.5347446684124,172.5509919245786,206.9898347664211,184.53454582156897,173.4618542450007,"0.495, 0.424","0.386, 0.418","0.468, 0.522","0.373, 0.503","0.501, 0.561","0.433, 0.557","0.526, 0.698","0.414, 0.691","0.394, 0.589","0.351, 0.585","0.538, 0.832","0.410, 0.835","0.432, 0.412",0.394,0.589,0.351,0.585,0.538,0.832,0.41,0.835,0.495,0.424,0.386,0.418,0.468,0.522,0.373,0.503,0.501,0.561,0.433,0.557,0.526,0.698,0.414,0.691,Address
4.070737404070738,20.31434228580463,30.93909854381898,216.1562135913192,188.91270440390736,172.6920369200381,206.5997347861833,184.2451741987068,173.43191376255842,"0.495, 0.423","0.386, 0.417","0.464, 0.519","0.368, 0.499","0.501, 0.563","0.433, 0.560","0.525, 0.699","0.414, 0.692","0.385, 0.577","0.336, 0.579","0.538, 0.832","0.410, 0.835","0.431, 0.411",0.385,0.577,0.336,0.579,0.538,0.832,0.41,0.835,0.495,0.423,0.386,0.417,0.464,0.519,0.368,0.499,0.501,0.563,0.433,0.56,0.525,0.699,0.414,0.692,Address
4.104104104104104,22.64262181393589,31.64154025180629,214.47303425100768,188.24481433012303,172.912737717433,206.30385085270723,184.09517234616368,173.47574128719384,"0.494, 0.423","0.386, 0.415","0.460, 0.519","0.366, 0.496","0.501, 0.564","0.433, 0.561","0.525, 0.700","0.414, 0.692","0.382, 0.575","0.334, 0.576","0.538, 0.832","0.410, 0.835","0.429, 0.411",0.382,0.575,0.334,0.576,0.538,0.832,0.41,0.835,0.494,0.423,0.386,0.415,0.46,0.519,0.366,0.496,0.501,0.564,0.433,0.561,0.525,0.7,0.414,0.692,Address
4.137470804137471,28.35092865182243,34.843030616840394,211.51458302367595,188.33576418524717,172.99080507649543,205.94204588168628,184.20426820673828,173.58900628343167,"0.494, 0.424","0.387, 0.415","0.450, 0.516","0.363, 0.492","0.501, 0.566","0.433, 0.562","0.525, 0.700","0.414, 0.693","0.373, 0.566","0.325, 0.572","0.538, 0.832","0.410, 0.835","0.426, 0.410",0.373,0.566,0.325,0.572,0.538,0.832,0.41,0.835,0.494,0.424,0.387,0.415,0.45,0.516,0.363,0.492,0.501,0.566,0.433,0.562,0.525,0.7,0.414,0.693,Toe-Up
4.170837504170838,42.47172806369948,39.43505548176082,205.1507409586661,192.4683160063095,175.3422713233529,205.4726670989044,183.5324606465588,173.6842353101476,"0.490, 0.433","0.388, 0.414","0.427, 0.515","0.359, 0.485","0.501, 0.567","0.433, 0.562","0.524, 0.700","0.414, 0.695","0.334, 0.563","0.311, 0.554","0.538, 0.832","0.410, 0.835","0.423, 0.409",0.334,0.563,0.311,0.554,0.538,0.832,0.41,0.835,0.49,0.433,0.388,0.414,0.427,0.515,0.359,0.485,0.501,0.567,0.433,0.562,0.524,0.7,0.414,0.695,Toe-Up
4.2042042042042045,45.247887884958274,40.83320079930198,202.68135743206952,191.6314503436946,176.29228918895276,205.0862980801788,183.1482077888748,173.741109367585,"0.488, 0.435","0.388, 0.413","0.424, 0.513","0.358, 0.482","0.501, 0.568","0.433, 0.562","0.523, 0.700","0.414, 0.695","0.330, 0.562","0.308, 0.552","0.538, 0.832","0.410, 0.835","0.422, 0.409",0.33,0.562,0.308,0.552,0.538,0.832,0.41,0.835,0.488,0.435,0.388,0.413,0.424,0.513,0.358,0.482,0.501,0.568,0.433,0.562,0.523,0.7,0.414,0.695,Toe-Up
4.237570904237571,53.91945587509028,44.50759827443716,199.76814842089743,192.8198756324582,179.32115321819387,205.69510142308272,182.03631021451588,172.9218897301383,"0.484, 0.439","0.390, 0.412","0.411, 0.510","0.356, 0.477","0.502, 0.568","0.435, 0.563","0.522, 0.702","0.414, 0.696","0.323, 0.549","0.303, 0.538","0.537, 0.832","0.410, 0.836","0.421, 0.408",0.323,0.549,0.303,0.538,0.537,0.832,0.41,0.836,0.484,0.439,0.39,0.412,0.411,0.51,0.356,0.477,0.502,0.568,0.435,0.563,0.522,0.702,0.414,0.696,Toe-Up
4.270937604270938,55.57249584077408,46.48974477642894,199.1899879474825,191.500551130846,180.7334582116268,206.27995424940403,181.479122413558,172.33289886212793,"0.482, 0.440","0.391, 0.412","0.410, 0.508","0.354, 0.477","0.503, 0.569","0.437, 0.565","0.522, 0.703","0.414, 0.696","0.322, 0.547","0.299, 0.539","0.537, 0.833","0.409, 0.836","0.420, 0.406",0.322,0.547,0.299,0.539,0.537,0.833,0.409,0.836,0.482,0.44,0.391,0.412,0.41,0.508,0.354,0.477,0.503,0.569,0.437,0.565,0.522,0.703,0.414,0.696,Toe-Up
4.3043043043043046,62.98320058800944,48.85810330784002,200.91603323170412,204.63692140323087,182.3241993341666,205.22633380739904,180.45505884461167,172.40811673553762,"0.480, 0.440","0.394, 0.410","0.399, 0.501","0.354, 0.470","0.503, 0.570","0.437, 0.565","0.520, 0.704","0.414, 0.696","0.300, 0.529","0.280, 0.517","0.537, 0.833","0.409, 0.837","0.418, 0.406",0.3,0.529,0.28,0.517,0.537,0.833,0.409,0.837,0.48,0.44,0.394,0.41,0.399,0.501,0.354,0.47,0.503,0.57,0.437,0.565,0.52,0.704,0.414,0.696,Toe-Up
4.337671004337671,71.52224153300354,56.417519666463406,201.1087265185847,214.6727532366028,184.93651024720523,203.6186316590876,179.29098220361448,172.4918006634871,"0.475, 0.440","0.398, 0.407","0.394, 0.487","0.353, 0.455","0.503, 0.571","0.437, 0.566","0.519, 0.704","0.414, 0.696","0.286, 0.505","0.267, 0.475","0.536, 0.833","0.409, 0.838","0.413, 0.406",0.286,0.505,0.267,0.475,0.536,0.833,0.409,0.838,0.475,0.44,0.398,0.407,0.394,0.487,0.353,0.455,0.503,0.571,0.437,0.566,0.519,0.704,0.414,0.696,Toe-Up
4.371037704371039,74.0898131493039,59.25020492441309,198.90034906847688,210.15769763568477,186.1811385625232,202.95105922874168,178.69689613615554,172.35871372936822,"0.473, 0.440","0.400, 0.406","0.392, 0.484","0.350, 0.453","0.502, 0.571","0.437, 0.566","0.518, 0.705","0.414, 0.696","0.285, 0.503","0.263, 0.474","0.536, 0.833","0.408, 0.838","0.411, 0.406",0.285,0.503,0.263,0.474,0.536,0.833,0.408,0.838,0.473,0.44,0.4,0.406,0.392,0.484,0.35,0.453,0.502,0.571,0.437,0.566,0.518,0.705,0.414,0.696,Toe-Up
4.404404404404405,79.71344717376245,59.48916645201388,202.47094066987572,212.83436089444527,187.64625308113773,201.85210986395637,178.38421429702873,172.09419988333394,"0.467, 0.442","0.403, 0.402","0.390, 0.477","0.352, 0.448","0.501, 0.573","0.437, 0.567","0.517, 0.706","0.414, 0.696","0.287, 0.482","0.278, 0.460","0.536, 0.834","0.408, 0.839","0.410, 0.403",0.287,0.482,0.278,0.46,0.536,0.834,0.408,0.839,0.467,0.442,0.403,0.402,0.39,0.477,0.352,0.448,0.501,0.573,0.437,0.567,0.517,0.706,0.414,0.696,Toe-Up
4.437771104437771,81.88988396132926,59.29513954524732,201.62238162458831,211.96898534648267,188.5972337757544,201.60491787074747,177.84257482667684,171.72111516050907,"0.465, 0.443","0.404, 0.401","0.389, 0.476","0.353, 0.447","0.500, 0.574","0.437, 0.568","0.516, 0.708","0.413, 0.697","0.286, 0.479","0.283, 0.459","0.536, 0.834","0.408, 0.839","0.410, 0.402",0.286,0.479,0.283,0.459,0.536,0.834,0.408,0.839,0.465,0.443,0.404,0.401,0.389,0.476,0.353,0.447,0.5,0.574,0.437,0.568,0.516,0.708,0.413,0.697,Toe-Up
4.471137804471138,88.20611930312603,68.78095835879155,159.6113959290803,209.91863371843823,189.1758850145508,200.23280974586103,177.31497923876057,171.258345067226,"0.464, 0.444","0.408, 0.399","0.383, 0.469","0.353, 0.432","0.500, 0.575","0.437, 0.568","0.515, 0.709","0.413, 0.697","0.283, 0.464","0.275, 0.433","0.535, 0.834","0.408, 0.839","0.408, 0.404",0.283,0.464,0.275,0.433,0.535,0.834,0.408,0.839,0.464,0.444,0.408,0.399,0.383,0.469,0.353,0.432,0.5,0.575,0.437,0.568,0.515,0.709,0.413,0.697,Mid-Backswing
4.504504504504505,90.91205510790606,71.38759413545938,162.054762433977,205.4393255007716,189.5474577198151,199.45239965805305,177.32364178585502,171.03621615583205,"0.462, 0.445","0.411, 0.399","0.380, 0.467","0.354, 0.429","0.500, 0.575","0.437, 0.569","0.515, 0.710","0.412, 0.697","0.282, 0.462","0.273, 0.431","0.535, 0.835","0.408, 0.839","0.407, 0.406",0.282,0.462,0.273,0.431,0.535,0.835,0.408,0.839,0.462,0.445,0.411,0.399,0.38,0.467,0.354,0.429,0.5,0.575,0.437,0.569,0.515,0.71,0.412,0.697,Mid-Backswing
4.537871204537871,98.31136067001678,88.49328459886527,158.1129166674261,166.54506882629627,189.55819065236304,197.6868030378593,177.9869041733615,170.48464529392749,"0.456, 0.445","0.418, 0.409","0.374, 0.457","0.356, 0.417","0.497, 0.578","0.437, 0.573","0.514, 0.711","0.412, 0.699","0.279, 0.434","0.277, 0.410","0.535, 0.835","0.408, 0.839","0.406, 0.403",0.279,0.434,0.277,0.41,0.535,0.835,0.408,0.839,0.456,0.445,0.418,0.409,0.374,0.457,0.356,0.417,0.497,0.578,0.437,0.573,0.514,0.711,0.412,0.699,Mid-Backswing
4.571237904571238,99.60880877274032,262.4785503206518,157.27796505311488,170.47177764023402,185.7870616924724,197.20993806581745,179.62749716293482,170.16374452736045,"0.455, 0.440","0.421, 0.413","0.373, 0.448","0.367, 0.412","0.492, 0.580","0.437, 0.575","0.513, 0.712","0.412, 0.700","0.281, 0.419","0.282, 0.395","0.534, 0.835","0.408, 0.839","0.406, 0.397",0.281,0.419,0.282,0.395,0.534,0.835,0.408,0.839,0.455,0.44,0.421,0.413,0.373,0.448,0.367,0.412,0.492,0.58,0.437,0.575,0.513,0.712,0.412,0.7,Mid-Backswing
4.604604604604605,103.23272527635058,257.34858662727794,161.98213207442365,177.1837694202691,183.9975856951025,197.39653244344032,180.94093148074796,169.72383493735717,"0.451, 0.440","0.423, 0.415","0.368, 0.442","0.370, 0.408","0.488, 0.580","0.438, 0.575","0.513, 0.712","0.412, 0.701","0.280, 0.416","0.286, 0.393","0.534, 0.835","0.408, 0.839","0.406, 0.398",0.28,0.416,0.286,0.393,0.534,0.835,0.408,0.839,0.451,0.44,0.423,0.415,0.368,0.442,0.37,0.408,0.488,0.58,0.438,0.575,0.513,0.712,0.412,0.701,Mid-Backswing
4.637971304637971,256.4188328432295,252.51432782151485,158.3701800354804,181.64561449877587,178.4307303862756,198.49133452856373,182.6890856683688,166.6995307857445,"0.446, 0.439","0.434, 0.415","0.369, 0.437","0.382, 0.402","0.478, 0.587","0.445, 0.579","0.509, 0.712","0.412, 0.702","0.284, 0.402","0.301, 0.385","0.533, 0.835","0.408, 0.839","0.406, 0.397",0.284,0.402,0.301,0.385,0.533,0.835,0.408,0.839,0.446,0.439,0.434,0.415,0.369,0.437,0.382,0.402,0.478,0.587,0.445,0.579,0.509,0.712,0.412,0.702,Mid-Backswing
4.671338004671338,100.81844504783712,246.1527029061369,154.536253347281,186.7897550850648,180.056567019847,199.5169142166365,181.1721808620524,166.9046301460615,"0.449, 0.437","0.431, 0.417","0.372, 0.439","0.383, 0.401","0.482, 0.585","0.444, 0.579","0.509, 0.712","0.412, 0.703","0.286, 0.400","0.304, 0.383","0.533, 0.835","0.408, 0.839","0.405, 0.398",0.286,0.4,0.304,0.383,0.533,0.835,0.408,0.839,0.449,0.437,0.431,0.417,0.372,0.439,0.383,0.401,0.482,0.585,0.444,0.579,0.509,0.712,0.412,0.703,Mid-Backswing
4.704704704704705,102.0184489715306,240.8069627421833,149.37704566980142,177.58324314740375,181.42388841342964,199.82185462645583,180.11248909730506,166.9930270430698,"0.451, 0.433","0.429, 0.418","0.374, 0.434","0.385, 0.398","0.484, 0.585","0.444, 0.579","0.509, 0.712","0.412, 0.703","0.291, 0.385","0.322, 0.367","0.533, 0.835","0.408, 0.839","0.405, 0.401",0.291,0.385,0.322,0.367,0.533,0.835,0.408,0.839,0.451,0.433,0.429,0.418,0.374,0.434,0.385,0.398,0.484,0.585,0.444,0.579,0.509,0.712,0.412,0.703,Mid-Backswing
4.738071404738071,100.73353242317005,239.2579523347168,148.16790712363138,172.045289637819,182.03856285756927,200.0995680300756,179.74804266306424,167.0232366076417,"0.452, 0.431","0.428, 0.418","0.375, 0.433","0.385, 0.398","0.486, 0.584","0.444, 0.579","0.509, 0.712","0.412, 0.703","0.298, 0.388","0.330, 0.362","0.532, 0.835","0.408, 0.839","0.405, 0.401",0.298,0.388,0.33,0.362,0.532,0.835,0.408,0.839,0.452,0.431,0.428,0.418,0.375,0.433,0.385,0.398,0.486,0.584,0.444,0.579,0.509,0.712,0.412,0.703,Mid-Backswing
4.771438104771439,94.0984940474682,220.8638976121694,152.16269253226127,184.46926575384867,178.8969321855275,202.60356232130263,176.9214899945929,167.81584667098502,"0.476, 0.431","0.417, 0.418","0.392, 0.435","0.382, 0.389","0.493, 0.584","0.442, 0.579","0.509, 0.712","0.412, 0.702","0.321, 0.400","0.329, 0.351","0.532, 0.835","0.408, 0.839","0.406, 0.402",0.321,0.4,0.329,0.351,0.532,0.835,0.408,0.839,0.476,0.431,0.417,0.418,0.392,0.435,0.382,0.389,0.493,0.584,0.442,0.579,0.509,0.712,0.412,0.702,Mid-Backswing
4.804804804804805,92.5153371848168,217.7659756545536,153.47097338670935,183.2919719539624,178.86183175120158,203.59259613136308,176.07254091345376,168.34583550809256,"0.481, 0.432","0.411, 0.419","0.397, 0.436","0.377, 0.388","0.495, 0.584","0.441, 0.579","0.510, 0.711","0.412, 0.701","0.327, 0.405","0.329, 0.350","0.532, 0.835","0.408, 0.839","0.407, 0.403",0.327,0.405,0.329,0.35,0.532,0.835,0.408,0.839,0.481,0.432,0.411,0.419,0.397,0.436,0.377,0.388,0.495,0.584,0.441,0.579,0.51,0.711,0.412,0.701,Mid-Backswing
4.838171504838172,94.31228992319772,224.5138521706624,141.66780490963808,173.1603567470132,177.90666160714315,202.1328316604494,176.5640257810978,167.8206117303641,"0.481, 0.428","0.418, 0.418","0.395, 0.429","0.384, 0.393","0.494, 0.583","0.442, 0.579","0.509, 0.711","0.412, 0.701","0.327, 0.376","0.341, 0.351","0.532, 0.835","0.408, 0.839","0.407, 0.394",0.327,0.376,0.341,0.351,0.532,0.835,0.408,0.839,0.481,0.428,0.418,0.418,0.395,0.429,0.384,0.393,0.494,0.583,0.442,0.579,0.509,0.711,0.412,0.701,Mid-Backswing
4.8715382048715385,252.0381636438452,244.96649914827444,142.9803794575966,157.22798887084994,183.40463675608325,205.70430640275924,173.79765160553316,162.6606978841395,"0.449, 0.428","0.437, 0.410","0.382, 0.421","0.391, 0.395","0.481, 0.585","0.456, 0.580","0.500, 0.711","0.413, 0.701","0.326, 0.368","0.344, 0.353","0.532, 0.835","0.408, 0.839","0.407, 0.388",0.326,0.368,0.344,0.353,0.532,0.835,0.408,0.839,0.449,0.428,0.437,0.41,0.382,0.421,0.391,0.395,0.481,0.585,0.456,0.58,0.5,0.711,0.413,0.701,Mid-Backswing
4.904904904904905,260.2991445298002,245.21226935490736,135.84422246462836,139.26424039785968,182.5696159674806,205.35895581972576,176.82546942929338,165.73450730240123,"0.479, 0.425","0.428, 0.412","0.385, 0.423","0.371, 0.395","0.501, 0.584","0.453, 0.580","0.513, 0.710","0.416, 0.701","0.334, 0.369","0.340, 0.346","0.532, 0.835","0.410, 0.839","0.408, 0.389",0.334,0.369,0.34,0.346,0.532,0.835,0.41,0.839,0.479,0.425,0.428,0.412,0.385,0.423,0.371,0.395,0.501,0.584,0.453,0.58,0.513,0.71,0.416,0.701,Mid-Backswing
4.938271604938272,261.1956018237292,242.0542869424379,134.64743804581047,138.59992760637135,182.83533551824647,205.3231199921878,178.592918051953,167.43146623804634,"0.485, 0.425","0.423, 0.413","0.387, 0.423","0.366, 0.394","0.507, 0.583","0.452, 0.580","0.518, 0.710","0.418, 0.701","0.335, 0.369","0.337, 0.345","0.532, 0.835","0.411, 0.839","0.409, 0.390",0.335,0.369,0.337,0.345,0.532,0.835,0.411,0.839,0.485,0.425,0.423,0.413,0.387,0.423,0.366,0.394,0.507,0.583,0.452,0.58,0.518,0.71,0.418,0.701,Top
4.971638304971639,98.5911612133371,253.5928353982089,136.3723029515066,127.79879147557854,186.4042787181468,204.80223249919868,181.15260612899493,167.8062043433217,"0.481, 0.427","0.427, 0.415","0.407, 0.431","0.377, 0.408","0.512, 0.580","0.454, 0.577","0.524, 0.709","0.420, 0.700","0.337, 0.371","0.345, 0.353","0.533, 0.834","0.412, 0.839","0.413, 0.400",0.337,0.371,0.345,0.353,0.533,0.834,0.412,0.839,0.481,0.427,0.427,0.415,0.407,0.431,0.377,0.408,0.512,0.58,0.454,0.577,0.524,0.709,0.42,0.7,Top
5.005005005005005,101.43327996348026,252.2420848309777,136.55773199588145,129.47825718511191,188.3943027951009,205.4231167409237,181.67569071469103,167.49393709074502,"0.479, 0.429","0.428, 0.416","0.405, 0.431","0.376, 0.408","0.514, 0.579","0.455, 0.577","0.526, 0.709","0.420, 0.700","0.338, 0.372","0.345, 0.357","0.533, 0.834","0.412, 0.839","0.414, 0.404",0.338,0.372,0.345,0.357,0.533,0.834,0.412,0.839,0.479,0.429,0.428,0.416,0.405,0.431,0.376,0.408,0.514,0.579,0.455,0.577,0.526,0.709,0.42,0.7,Top
5.038371705038372,83.40998903186437,255.85770865101708,133.85838028349733,129.8278299646585,186.4968042395193,205.07669397467507,184.3532041923882,169.4547982955003,"0.484, 0.431","0.425, 0.413","0.414, 0.455","0.350, 0.408","0.517, 0.578","0.455, 0.574","0.531, 0.708","0.422, 0.699","0.329, 0.412","0.325, 0.373","0.535, 0.834","0.412, 0.838","0.419, 0.410",0.329,0.412,0.325,0.373,0.535,0.834,0.412,0.838,0.484,0.431,0.425,0.413,0.414,0.455,0.35,0.408,0.517,0.578,0.455,0.574,0.531,0.708,0.422,0.699,Top
5.071738405071739,81.08818059790963,256.02046439799886,134.7940741139908,137.70248972556743,185.9527073550257,204.6434818548508,185.3025568014802,171.11440458851823,"0.485, 0.431","0.424, 0.411","0.415, 0.459","0.345, 0.407","0.518, 0.576","0.455, 0.572","0.533, 0.707","0.424, 0.699","0.326, 0.420","0.318, 0.379","0.536, 0.834","0.413, 0.838","0.421, 0.412",0.326,0.42,0.318,0.379,0.536,0.834,0.413,0.838,0.485,0.431,0.424,0.411,0.415,0.459,0.345,0.407,0.518,0.576,0.455,0.572,0.533,0.707,0.424,0.699,Top
5.105105105105105,79.62863311497487,75.04566272678169,150.93450788605972,144.98292658854515,188.1596441750508,205.50006252586135,186.2594470760884,174.87514129729954,"0.490, 0.436","0.424, 0.412","0.416, 0.469","0.350, 0.451","0.524, 0.572","0.460, 0.565","0.537, 0.703","0.431, 0.694","0.327, 0.462","0.318, 0.447","0.536, 0.833","0.413, 0.838","0.422, 0.419",0.327,0.462,0.318,0.447,0.536,0.833,0.413,0.838,0.49,0.436,0.424,0.412,0.416,0.469,0.35,0.451,0.524,0.572,0.46,0.565,0.537,0.703,0.431,0.694,Mid-Downswing
5.138471805138472,79.55004990273747,69.5967472417864,151.35559148218837,119.5918247262509,188.3170685012472,205.5692017388048,187.1768973686682,175.91125819263956,"0.492, 0.436","0.423, 0.412","0.414, 0.471","0.355, 0.458","0.526, 0.571","0.460, 0.565","0.539, 0.701","0.433, 0.693","0.326, 0.465","0.320, 0.441","0.536, 0.831","0.413, 0.838","0.424, 0.420",0.326,0.465,0.32,0.441,0.536,0.831,0.413,0.838,0.492,0.436,0.423,0.412,0.414,0.471,0.355,0.458,0.526,0.571,0.46,0.565,0.539,0.701,0.433,0.693,Mid-Downswing
5.171838505171839,30.213995793739077,30.38559147633991,249.2311169586212,226.7438341560698,184.5402972334791,208.2865374606944,189.15609138535825,178.20274723578677,"0.502, 0.436","0.420, 0.422","0.471, 0.528","0.401, 0.501","0.529, 0.569","0.463, 0.562","0.544, 0.700","0.436, 0.695","0.387, 0.530","0.339, 0.537","0.539, 0.830","0.412, 0.839","0.423, 0.430",0.387,0.53,0.339,0.537,0.539,0.83,0.412,0.839,0.502,0.436,0.42,0.422,0.471,0.528,0.401,0.501,0.529,0.569,0.463,0.562,0.544,0.7,0.436,0.695,Mid-Downswing
5.205205205205205,39.99158926711012,25.567257192602984,220.8021505654344,233.73805389332475,183.3202114924782,210.0315319141091,190.23176239212424,179.107932562834,"0.506, 0.435","0.418, 0.427","0.464, 0.510","0.408, 0.505","0.531, 0.569","0.464, 0.562","0.547, 0.700","0.437, 0.696","0.390, 0.536","0.344, 0.542","0.540, 0.829","0.411, 0.840","0.423, 0.433",0.39,0.536,0.344,0.542,0.54,0.829,0.411,0.84,0.506,0.435,0.418,0.427,0.464,0.51,0.408,0.505,0.531,0.569,0.464,0.562,0.547,0.7,0.437,0.696,Mid-Downswing
5.238571905238572,17.561704659846715,16.350248413989306,205.58157490230357,187.15358353395945,179.47000824972957,212.1986400419348,190.8198106094229,184.92672364286184,"0.516, 0.427","0.410, 0.442","0.496, 0.531","0.422, 0.528","0.533, 0.567","0.464, 0.562","0.550, 0.699","0.444, 0.696","0.453, 0.591","0.422, 0.600","0.542, 0.829","0.411, 0.839","0.434, 0.435",0.453,0.591,0.422,0.6,0.542,0.829,0.411,0.839,0.516,0.427,0.41,0.442,0.496,0.531,0.422,0.528,0.533,0.567,0.464,0.562,0.55,0.699,0.444,0.696,Mid-Downswing
5.271938605271939,6.374727519539255,13.217554924805638,199.11536594726792,166.4518526018134,177.19855736740627,213.6916537780336,189.5391883080152,193.62447759012315,"0.525, 0.412","0.407, 0.445","0.545, 0.520","0.432, 0.527","0.534, 0.539","0.464, 0.542","0.552, 0.683","0.457, 0.683","0.533, 0.600","0.474, 0.596","0.545, 0.828","0.411, 0.837","0.439, 0.438",0.533,0.6,0.474,0.596,0.545,0.828,0.411,0.837,0.525,0.412,0.407,0.445,0.545,0.52,0.432,0.527,0.534,0.539,0.464,0.542,0.552,0.683,0.457,0.683,Impact
5.305305305305305,8.559865220731108,11.626519175464209,199.23730847575573,171.49342141802552,175.4714842451013,214.46864067647283,190.2511615063295,195.03922343460167,"0.528, 0.409","0.407, 0.447","0.551, 0.523","0.436, 0.526","0.534, 0.536","0.465, 0.541","0.553, 0.684","0.459, 0.683","0.540, 0.601","0.480, 0.605","0.546, 0.828","0.411, 0.836","0.441, 0.438",0.54,0.601,0.48,0.605,0.546,0.828,0.411,0.836,0.528,0.409,0.407,0.447,0.551,0.523,0.436,0.526,0.534,0.536,0.465,0.541,0.553,0.684,0.459,0.683,Impact
5.3386720053386725,8.707631081381987,4.965436338575042,184.09423966252672,173.59753961594024,179.3673618504054,222.1162946600009,187.7512416968942,192.93816965279268,"0.525, 0.391","0.410, 0.455","0.553, 0.503","0.455, 0.530","0.538, 0.541","0.477, 0.546","0.553, 0.682","0.462, 0.685","0.565, 0.576","0.507, 0.596","0.548, 0.826","0.411, 0.836","0.441, 0.435",0.565,0.576,0.507,0.596,0.548,0.826,0.411,0.836,0.525,0.391,0.41,0.455,0.553,0.503,0.455,0.53,0.538,0.541,0.477,0.546,0.553,0.682,0.462,0.685,Impact
5.372038705372039,8.974598728510822,4.7789550838149735,183.02436973070664,171.40258343183223,179.9787668993379,221.7394391201156,186.62159862472583,192.8394135590064,"0.525, 0.386","0.412, 0.454","0.551, 0.491","0.457, 0.531","0.539, 0.543","0.479, 0.549","0.551, 0.678","0.463, 0.686","0.566, 0.565","0.504, 0.589","0.548, 0.825","0.412, 0.833","0.444, 0.434",0.566,0.565,0.504,0.589,0.548,0.825,0.412,0.833,0.525,0.386,0.412,0.454,0.551,0.491,0.457,0.531,0.539,0.543,0.479,0.549,0.551,0.678,0.463,0.686,Impact
5.405405405405405,20.630923513982086,16.560883282645825,185.0779374870849,171.31987403244267,182.73474491116156,223.7766980791733,183.07532797457495,191.46339085658596,"0.516, 0.370","0.423, 0.450","0.554, 0.443","0.507, 0.520","0.537, 0.546","0.491, 0.553","0.547, 0.678","0.467, 0.691","0.586, 0.521","0.580, 0.564","0.550, 0.825","0.412, 0.833","0.456, 0.418",0.586,0.521,0.58,0.564,0.55,0.825,0.412,0.833,0.516,0.37,0.423,0.45,0.554,0.443,0.507,0.52,0.537,0.546,0.491,0.553,0.547,0.678,0.467,0.691,Impact
5.438772105438773,23.200930016615303,21.748299108198317,188.5299585478142,176.17685726991948,188.2880161440878,224.7920946126022,172.28978726917546,190.4866304922557,"0.510, 0.369","0.429, 0.448","0.556, 0.447","0.521, 0.514","0.534, 0.548","0.499, 0.557","0.532, 0.679","0.469, 0.694","0.586, 0.520","0.585, 0.554","0.550, 0.825","0.412, 0.833","0.462, 0.410",0.586,0.52,0.585,0.554,0.55,0.825,0.412,0.833,0.51,0.369,0.429,0.448,0.556,0.447,0.521,0.514,0.534,0.548,0.499,0.557,0.532,0.679,0.469,0.694,Impact
5.472138805472139,46.93968651949752,50.10422951906831,197.43723144174643,163.76138962370615,192.49099230962776,206.313918994881,175.75708509842258,195.2016057662669,"0.484, 0.359","0.470, 0.446","0.547, 0.394","0.552, 0.482","0.529, 0.537","0.501, 0.550","0.534, 0.680","0.475, 0.693","0.608, 0.458","0.645, 0.494","0.549, 0.824","0.412, 0.828","0.474, 0.360",0.608,0.458,0.645,0.494,0.549,0.824,0.412,0.828,0.484,0.359,0.47,0.446,0.547,0.394,0.552,0.482,0.529,0.537,0.501,0.55,0.534,0.68,0.475,0.693,Mid-Follow-Through
5.505505505505505,51.54447309625484,40.45221504135724,199.772948515528,155.9229332485756,192.37303920843908,208.30299876477147,175.1451327618788,196.1195740212264,"0.490, 0.365","0.457, 0.431","0.552, 0.394","0.531, 0.474","0.531, 0.540","0.498, 0.551","0.534, 0.681","0.476, 0.693","0.614, 0.456","0.625, 0.485","0.549, 0.824","0.414, 0.824","0.470, 0.358",0.614,0.456,0.625,0.485,0.549,0.824,0.414,0.824,0.49,0.365,0.457,0.431,0.552,0.394,0.531,0.474,0.531,0.54,0.498,0.551,0.534,0.681,0.476,0.693,Mid-Follow-Through
5.538872205538873,55.56803675451306,49.77460639115033,166.07115507504213,145.40119302834896,187.7585466531457,203.24598387659137,175.70304447701918,202.67170197175344,"0.511, 0.369","0.458, 0.424","0.587, 0.406","0.538, 0.459","0.537, 0.555","0.500, 0.561","0.538, 0.684","0.485, 0.693","0.662, 0.423","0.634, 0.440","0.549, 0.824","0.415, 0.818","0.477, 0.368",0.662,0.423,0.634,0.44,0.549,0.824,0.415,0.818,0.511,0.369,0.458,0.424,0.587,0.406,0.538,0.459,0.537,0.555,0.5,0.561,0.538,0.684,0.485,0.693,Mid-Follow-Through
5.572238905572239,77.55305174436835,69.95392692180171,185.7893923832211,151.43004896113638,183.7163827278595,200.48983478476683,179.2877512114185,210.12746404630332,"0.520, 0.370","0.462, 0.414","0.612, 0.381","0.553, 0.420","0.539, 0.554","0.505, 0.561","0.543, 0.684","0.497, 0.693","0.675, 0.395","0.627, 0.385","0.549, 0.824","0.415, 0.814","0.471, 0.378",0.675,0.395,0.627,0.385,0.549,0.824,0.415,0.814,0.52,0.37,0.462,0.414,0.612,0.381,0.553,0.42,0.539,0.554,0.505,0.561,0.543,0.684,0.497,0.693,Mid-Follow-Through
5.605605605605606,76.2387429571026,70.6364654158709,176.22396145017206,152.37492615711517,182.384056996512,202.5878619129248,182.4423629415354,210.44847672106096,"0.518, 0.371","0.462, 0.416","0.606, 0.382","0.556, 0.418","0.538, 0.555","0.509, 0.561","0.546, 0.684","0.499, 0.692","0.663, 0.386","0.629, 0.382","0.549, 0.824","0.415, 0.812","0.469, 0.378",0.663,0.386,0.629,0.382,0.549,0.824,0.415,0.812,0.518,0.371,0.462,0.416,0.606,0.382,0.556,0.418,0.538,0.555,0.509,0.561,0.546,0.684,0.499,0.692,Mid-Follow-Through
5.638972305638973,198.52491578573364,124.53661788252944,57.08601509646172,195.34636015382165,186.84810697494328,183.93299467658716,190.42870279801843,213.89152636385467,"0.461, 0.387","0.528, 0.398","0.442, 0.361","0.597, 0.353","0.521, 0.564","0.522, 0.564","0.547, 0.690","0.509, 0.696","0.498, 0.357","0.650, 0.294","0.549, 0.824","0.415, 0.810","0.488, 0.342",0.498,0.357,0.65,0.294,0.549,0.824,0.415,0.81,0.461,0.387,0.528,0.398,0.442,0.361,0.597,0.353,0.521,0.564,0.522,0.564,0.547,0.69,0.509,0.696,Mid-Follow-Through
5.672339005672339,225.6102134815315,147.8445319622533,67.00650084610892,184.90620230356396,184.43039377728533,183.7944406345252,192.03311841701063,218.2370011657053,"0.462, 0.394","0.544, 0.383","0.413, 0.369","0.579, 0.332","0.518, 0.568","0.537, 0.566","0.547, 0.691","0.523, 0.698","0.458, 0.331","0.607, 0.281","0.549, 0.824","0.415, 0.809","0.495, 0.337",0.458,0.331,0.607,0.281,0.549,0.824,0.415,0.809,0.462,0.394,0.544,0.383,0.413,0.369,0.579,0.332,0.518,0.568,0.537,0.566,0.547,0.691,0.523,0.698,Finish
5.705705705705706,209.58574211322173,140.02090096084828,80.09732869090305,238.83888343570547,184.46760507005237,183.69446965193745,191.85926142222263,220.12972554951543,"0.465, 0.395","0.537, 0.378","0.429, 0.362","0.571, 0.339","0.519, 0.568","0.534, 0.567","0.547, 0.692","0.524, 0.698","0.483, 0.322","0.558, 0.299","0.549, 0.824","0.415, 0.808","0.490, 0.333",0.483,0.322,0.558,0.299,0.549,0.824,0.415,0.808,0.465,0.395,0.537,0.378,0.429,0.362,0.571,0.339,0.519,0.568,0.534,0.567,0.547,0.692,0.524,0.698,Finish
5.739072405739073,159.58890866588354,155.83983595089475,130.24223147175093,200.7692629102233,184.149678565102,182.60005116278995,192.82269776483832,223.22348083401533,"0.460, 0.394","0.541, 0.366","0.462, 0.363","0.567, 0.309","0.516, 0.566","0.540, 0.567","0.547, 0.691","0.533, 0.698","0.512, 0.324","0.571, 0.253","0.549, 0.824","0.424, 0.802","0.501, 0.319",0.512,0.324,0.571,0.253,0.549,0.824,0.424,0.802,0.46,0.394,0.541,0.366,0.462,0.363,0.567,0.309,0.516,0.566,0.54,0.567,0.547,0.691,0.533,0.698,Mid-Follow-Through
5.772439105772439,143.25020846027076,156.8940476040703,147.83666331439002,199.40347264183467,183.52841838654996,182.13809568470523,193.21916711080684,224.0476280760853,"0.459, 0.394","0.543, 0.362","0.471, 0.360","0.573, 0.293","0.514, 0.565","0.542, 0.566","0.546, 0.691","0.537, 0.696","0.523, 0.318","0.576, 0.248","0.548, 0.824","0.428, 0.800","0.495, 0.325",0.523,0.318,0.576,0.248,0.548,0.824,0.428,0.8,0.459,0.394,0.543,0.362,0.471,0.36,0.573,0.293,0.514,0.565,0.542,0.566,0.546,0.691,0.537,0.696,Mid-Follow-Through
5.805805805805806,144.21056619487922,152.75227504661547,171.20643671190402,225.5737758509627,183.00944524775343,186.74768886729632,193.0653771074784,219.3754828581179,"0.457, 0.387","0.544, 0.356","0.467, 0.358","0.574, 0.293","0.512, 0.561","0.551, 0.558","0.545, 0.690","0.539, 0.696","0.497, 0.299","0.551, 0.231","0.548, 0.824","0.438, 0.799","0.500, 0.320",0.497,0.299,0.551,0.231,0.548,0.824,0.438,0.799,0.457,0.387,0.544,0.356,0.467,0.358,0.574,0.293,0.512,0.561,0.551,0.558,0.545,0.69,0.539,0.696,Mid-Follow-Through
5.839172505839173,139.18373345328604,156.56947708489812,175.2153083514676,229.9261751642389,183.17214188010007,187.4856468741926,192.8384990473247,218.41675598298127,"0.456, 0.386","0.541, 0.352","0.472, 0.349","0.568, 0.281","0.511, 0.559","0.550, 0.556","0.545, 0.690","0.539, 0.696","0.503, 0.290","0.541, 0.232","0.548, 0.824","0.441, 0.800","0.495, 0.321",0.503,0.29,0.541,0.232,0.548,0.824,0.441,0.8,0.456,0.386,0.541,0.352,0.472,0.349,0.568,0.281,0.511,0.559,0.55,0.556,0.545,0.69,0.539,0.696,Mid-Follow-Through
5.872539205872539,158.68905273129846,164.1286791891874,192.3640737566629,230.04269585329052,183.0298326768286,184.90815522818545,192.1696566258546,217.9627909946093,"0.458, 0.384","0.547, 0.350","0.460, 0.358","0.563, 0.286","0.511, 0.556","0.552, 0.555","0.544, 0.689","0.544, 0.693","0.454, 0.318","0.535, 0.246","0.548, 0.824","0.449, 0.800","0.500, 0.316",0.454,0.318,0.535,0.246,0.548,0.824,0.449,0.8,0.458,0.384,0.547,0.35,0.46,0.358,0.563,0.286,0.511,0.556,0.552,0.555,0.544,0.689,0.544,0.693,Mid-Follow-Through
5.9059059059059065,150.34642764002064,156.23592591668532,178.70909722180724,229.21702614506992,183.15546125949427,184.8449770743976,191.78273951907377,218.20130068467867,"0.459, 0.382","0.543, 0.351","0.466, 0.355","0.561, 0.304","0.512, 0.555","0.551, 0.553","0.544, 0.688","0.545, 0.691","0.478, 0.306","0.532, 0.248","0.548, 0.824","0.451, 0.801","0.497, 0.317",0.478,0.306,0.532,0.248,0.548,0.824,0.451,0.801,0.459,0.382,0.543,0.351,0.466,0.355,0.561,0.304,0.512,0.555,0.551,0.553,0.544,0.688,0.545,0.691,Mid-Follow-Through
5.939272605939273,223.1183493002649,180.63816336343564,118.26517595559572,208.5814329372876,182.2885335100955,185.91092422912237,192.85455351394944,211.84821992954863,"0.460, 0.382","0.552, 0.348","0.443, 0.372","0.550, 0.281","0.512, 0.554","0.557, 0.552","0.545, 0.680","0.546, 0.687","0.445, 0.317","0.522, 0.234","0.549, 0.823","0.462, 0.801","0.496, 0.314",0.445,0.317,0.522,0.234,0.549,0.823,0.462,0.801,0.46,0.382,0.552,0.348,0.443,0.372,0.55,0.281,0.512,0.554,0.557,0.552,0.545,0.68,0.546,0.687,Mid-Follow-Through
5.97263930597264,230.28884220180973,186.926218465512,111.66019844072594,196.53579492081244,182.0785661473336,186.2376431205265,192.9687076312876,210.58197732849013,"0.461, 0.382","0.554, 0.349","0.442, 0.374","0.545, 0.284","0.513, 0.554","0.558, 0.552","0.545, 0.678","0.546, 0.686","0.443, 0.325","0.522, 0.234","0.549, 0.822","0.463, 0.801","0.498, 0.313",0.443,0.325,0.522,0.234,0.549,0.822,0.463,0.801,0.461,0.382,0.554,0.349,0.442,0.374,0.545,0.284,0.513,0.554,0.558,0.552,0.545,0.678,0.546,0.686,Mid-Follow-Through
6.006006006006007,77.66685686138705,189.9275945369695,34.71386860143393,192.14657892447957,184.42135815923427,186.40416754669064,190.4647779104832,210.08145249523903,"0.470, 0.382","0.549, 0.348","0.447, 0.395","0.538, 0.295","0.519, 0.552","0.556, 0.546","0.546, 0.678","0.546, 0.685","0.461, 0.366","0.515, 0.243","0.549, 0.822","0.464, 0.804","0.507, 0.315",0.461,0.366,0.515,0.243,0.549,0.822,0.464,0.804,0.47,0.382,0.549,0.348,0.447,0.395,0.538,0.295,0.519,0.552,0.556,0.546,0.546,0.678,0.546,0.685,Finish
6.039372706039373,101.15514563786388,192.84207065519425,75.51050599488377,190.3538624272916,184.5758546698928,188.0680509057105,190.06102075643804,207.2141457248221,"0.471, 0.382","0.557, 0.352","0.452, 0.384","0.540, 0.288","0.520, 0.552","0.561, 0.547","0.546, 0.678","0.544, 0.685","0.460, 0.340","0.517, 0.236","0.550, 0.822","0.462, 0.807","0.514, 0.314",0.46,0.34,0.517,0.236,0.55,0.822,0.462,0.807,0.471,0.382,0.557,0.352,0.452,0.384,0.54,0.288,0.52,0.552,0.561,0.547,0.546,0.678,0.544,0.685,Mid-Follow-Through
6.072739406072739,178.29257783478943,193.2521014778086,172.39491220177624,190.9010572046052,185.10630562937072,187.2432320387318,189.46099485522333,207.24240496603787,"0.474, 0.382","0.559, 0.353","0.467, 0.356","0.543, 0.290","0.522, 0.552","0.561, 0.548","0.546, 0.678","0.544, 0.685","0.461, 0.303","0.519, 0.239","0.550, 0.822","0.462, 0.808","0.521, 0.314",0.461,0.303,0.519,0.239,0.55,0.822,0.462,0.808,0.474,0.382,0.559,0.353,0.467,0.356,0.543,0.29,0.522,0.552,0.561,0.548,0.546,0.678,0.544,0.685,Mid-Follow-Through
6.106106106106107,206.5781243447121,194.549478520474,132.2870809297627,190.53104350410612,185.028355438903,188.6351272361793,189.0935346796057,205.69436841886343,"0.473, 0.379","0.562, 0.350","0.452, 0.357","0.545, 0.289","0.522, 0.552","0.564, 0.548","0.546, 0.679","0.544, 0.686","0.457, 0.310","0.518, 0.234","0.551, 0.822","0.462, 0.809","0.516, 0.305",0.457,0.31,0.518,0.234,0.551,0.822,0.462,0.809,0.473,0.379,0.562,0.35,0.452,0.357,0.545,0.289,0.522,0.552,0.564,0.548,0.546,0.679,0.544,0.686,Mid-Follow-Through
6.139472806139473,215.02962111583648,198.74593132292105,111.15916333016187,197.7334054849765,185.29870013535688,188.7376590581097,188.76910327196663,205.31692191989015,"0.472, 0.378","0.566, 0.344","0.448, 0.358","0.544, 0.280","0.522, 0.552","0.565, 0.549","0.546, 0.682","0.543, 0.688","0.461, 0.317","0.504, 0.226","0.551, 0.825","0.461, 0.809","0.511, 0.306",0.461,0.317,0.504,0.226,0.551,0.825,0.461,0.809,0.472,0.378,0.566,0.344,0.448,0.358,0.544,0.28,0.522,0.552,0.565,0.549,0.546,0.682,0.543,0.688,Mid-Follow-Through
6.172839506172839,220.49283949193384,200.2414727009683,104.62446442416446,197.01463847981944,185.45604816173372,188.77915217127816,188.65641594146223,205.67981012669185,"0.472, 0.378","0.566, 0.344","0.447, 0.362","0.543, 0.280","0.522, 0.553","0.565, 0.550","0.547, 0.684","0.543, 0.690","0.464, 0.313","0.502, 0.225","0.551, 0.827","0.460, 0.810","0.510, 0.307",0.464,0.313,0.502,0.225,0.551,0.827,0.46,0.81,0.472,0.378,0.566,0.344,0.447,0.362,0.543,0.28,0.522,0.553,0.565,0.55,0.547,0.684,0.543,0.69,Mid-Follow-Through
6.206206206206207,198.6042951240448,196.9685167013678,129.45636244259612,198.6063632577245,186.36379779037867,188.71873988285824,187.71510528676427,205.88438277029675,"0.477, 0.379","0.564, 0.352","0.450, 0.339","0.543, 0.282","0.525, 0.553","0.564, 0.550","0.546, 0.686","0.543, 0.690","0.468, 0.277","0.505, 0.229","0.550, 0.827","0.460, 0.810","0.522, 0.309",0.468,0.277,0.505,0.229,0.55,0.827,0.46,0.81,0.477,0.379,0.564,0.352,0.45,0.339,0.543,0.282,0.525,0.553,0.564,0.55,0.546,0.686,0.543,0.69,Mid-Follow-Through
6.239572906239573,198.8099191990384,194.3829883119554,128.4932239208647,199.4777529881316,185.95041734698808,188.63341768790545,187.4951767480318,206.07893057937608,"0.481, 0.379","0.563, 0.355","0.454, 0.339","0.544, 0.284","0.526, 0.553","0.563, 0.550","0.546, 0.686","0.542, 0.690","0.477, 0.269","0.507, 0.229","0.549, 0.827","0.459, 0.810","0.526, 0.311",0.477,0.269,0.507,0.229,0.549,0.827,0.459,0.81,0.481,0.379,0.563,0.355,0.454,0.339,0.544,0.284,0.526,0.553,0.563,0.55,0.546,0.686,0.542,0.69,Mid-Follow-Through
6.27293960627294,173.68918973857663,193.38521491279724,170.09785628449214,199.87513527047244,187.72033807585711,188.629502609302,186.0134485854352,206.31254873863213,"0.482, 0.376","0.562, 0.355","0.476, 0.332","0.545, 0.285","0.530, 0.553","0.563, 0.550","0.546, 0.687","0.542, 0.690","0.477, 0.282","0.509, 0.231","0.549, 0.829","0.459, 0.810","0.529, 0.311",0.477,0.282,0.509,0.231,0.549,0.829,0.459,0.81,0.482,0.376,0.562,0.355,0.476,0.332,0.545,0.285,0.53,0.553,0.563,0.55,0.546,0.687,0.542,0.69,Mid-Follow-Through
6.306306306306307,166.30961795248842,192.9253136716654,184.25560635740084,199.7735610444097,188.37113949928127,188.57533057268276,185.50608306134956,206.6004906689516,"0.483, 0.374","0.561, 0.355","0.482, 0.337","0.545, 0.286","0.531, 0.553","0.562, 0.549","0.546, 0.687","0.542, 0.690","0.477, 0.287","0.509, 0.231","0.549, 0.829","0.458, 0.811","0.529, 0.310",0.477,0.287,0.509,0.231,0.549,0.829,0.458,0.811,0.483,0.374,0.561,0.355,0.482,0.337,0.545,0.286,0.531,0.553,0.562,0.549,0.546,0.687,0.542,0.69,Mid-Follow-Through
6.339673006339673,161.15576100672664,192.9328199020308,193.4880546992339,196.31872615858288,193.7758520542413,190.25961380367417,180.72776141543665,205.83587320563143,"0.495, 0.371","0.557, 0.356","0.498, 0.327","0.539, 0.287","0.544, 0.553","0.562, 0.549","0.547, 0.687","0.541, 0.690","0.485, 0.253","0.506, 0.231","0.549, 0.829","0.458, 0.811","0.536, 0.306",0.485,0.253,0.506,0.231,0.549,0.829,0.458,0.811,0.495,0.371,0.557,0.356,0.498,0.327,0.539,0.287,0.544,0.553,0.562,0.549,0.547,0.687,0.541,0.69,Mid-Follow-Through
6.37303970637304,230.17800131331128,195.5903336308052,143.68495658187243,167.78523780857336,187.00635273334063,194.1387546886894,177.21591526560928,207.3060898807008,"0.538, 0.357","0.531, 0.353","0.517, 0.342","0.517, 0.318","0.553, 0.551","0.557, 0.548","0.547, 0.687","0.540, 0.690","0.504, 0.304","0.500, 0.232","0.548, 0.829","0.458, 0.811","0.535, 0.306",0.504,0.304,0.5,0.232,0.548,0.829,0.458,0.811,0.538,0.357,0.531,0.353,0.517,0.342,0.517,0.318,0.553,0.551,0.557,0.548,0.547,0.687,0.54,0.69,Finish
6.406406406406407,236.73013480846,205.2100373319113,125.90517620202998,158.7893933975392,186.93057477132015,192.56612490415145,177.32627502858114,207.31113978207324,"0.539, 0.357","0.536, 0.357","0.507, 0.339","0.514, 0.321","0.554, 0.551","0.556, 0.549","0.547, 0.686","0.539, 0.689","0.498, 0.269","0.499, 0.233","0.547, 0.829","0.458, 0.811","0.533, 0.306",0.498,0.269,0.499,0.233,0.547,0.829,0.458,0.811,0.539,0.357,0.536,0.357,0.507,0.339,0.514,0.321,0.554,0.551,0.556,0.549,0.547,0.686,0.539,0.689,Finish
6.439773106439773,205.9178865429712,202.24420300245177,153.0853571781565,164.14471895985923,188.41182582383908,191.6134105582314,178.8455856766043,207.32453084091023,"0.526, 0.358","0.540, 0.361","0.504, 0.324","0.516, 0.313","0.550, 0.551","0.556, 0.550","0.547, 0.688","0.540, 0.690","0.496, 0.253","0.500, 0.233","0.547, 0.829","0.457, 0.811","0.533, 0.307",0.496,0.253,0.5,0.233,0.547,0.829,0.457,0.811,0.526,0.358,0.54,0.361,0.504,0.324,0.516,0.313,0.55,0.551,0.556,0.55,0.547,0.688,0.54,0.69,Finish
6.4731398064731405,179.93807369427293,189.68512791192683,174.30824776811883,192.3288736206276,191.9888710892336,191.0618177157603,179.9155793944624,206.58878013757328,"0.509, 0.361","0.547, 0.362","0.500, 0.318","0.532, 0.297","0.548, 0.552","0.558, 0.550","0.548, 0.688","0.540, 0.690","0.493, 0.251","0.501, 0.233","0.547, 0.829","0.457, 0.811","0.534, 0.308",0.493,0.251,0.501,0.233,0.547,0.829,0.457,0.811,0.509,0.361,0.547,0.362,0.5,0.318,0.532,0.297,0.548,0.552,0.558,0.55,0.548,0.688,0.54,0.69,Finish
6.506506506506506,177.94749456966102,183.64120575590923,168.81735706171878,206.1685137010732,192.8860913653476,190.70231327586885,180.43326910513457,206.42892863005423,"0.503, 0.362","0.549, 0.362","0.492, 0.304","0.541, 0.293","0.547, 0.552","0.559, 0.551","0.548, 0.689","0.540, 0.690","0.492, 0.242","0.503, 0.235","0.547, 0.829","0.457, 0.811","0.537, 0.305",0.492,0.242,0.503,0.235,0.547,0.829,0.457,0.811,0.503,0.362,0.549,0.362,0.492,0.304,0.541,0.293,0.547,0.552,0.559,0.551,0.548,0.689,0.54,0.69,Finish
6.539873206539873,178.10699079032648,181.58563207084225,165.4030314656015,210.62361959781876,192.91958350883985,190.5377049067,180.9055407710514,206.38961032190844,"0.500, 0.363","0.550, 0.362","0.488, 0.302","0.544, 0.294","0.546, 0.552","0.559, 0.551","0.548, 0.689","0.540, 0.690","0.491, 0.240","0.504, 0.236","0.547, 0.829","0.457, 0.812","0.538, 0.303",0.491,0.24,0.504,0.236,0.547,0.829,0.457,0.812,0.5,0.363,0.55,0.362,0.488,0.302,0.544,0.294,0.546,0.552,0.559,0.551,0.548,0.689,0.54,0.69,Finish
6.5732399065732405,177.68703222937404,222.63702245661045,167.52988547693647,180.84136087980497,192.48006720317824,190.60701778768555,181.28985902614832,206.33081930079865,"0.500, 0.364","0.550, 0.362","0.489, 0.306","0.539, 0.352","0.545, 0.552","0.559, 0.551","0.548, 0.689","0.539, 0.690","0.490, 0.242","0.501, 0.315","0.547, 0.829","0.457, 0.812","0.541, 0.302",0.49,0.242,0.501,0.315,0.547,0.829,0.457,0.812,0.5,0.364,0.55,0.362,0.489,0.306,0.539,0.352,0.545,0.552,0.559,0.551,0.548,0.689,0.539,0.69,Finish
6.606606606606607,176.27755299209778,195.80364262313552,170.54337989077047,199.60339578058264,192.29298783806144,190.7398557392685,181.4253520274002,206.28487780960208,"0.500, 0.365","0.550, 0.362","0.490, 0.307","0.540, 0.333","0.545, 0.553","0.559, 0.551","0.548, 0.689","0.540, 0.690","0.490, 0.242","0.502, 0.284","0.547, 0.829","0.457, 0.812","0.542, 0.302",0.49,0.242,0.502,0.284,0.547,0.829,0.457,0.812,0.5,0.365,0.55,0.362,0.49,0.307,0.54,0.333,0.545,0.553,0.559,0.551,0.548,0.689,0.54,0.69,Finish
6.639973306639973,173.13979709818636,209.10801921614424,177.18176157116773,174.85289501719666,191.6012991928898,190.4990590892892,181.92398836197657,206.35406916184792,"0.501, 0.365","0.550, 0.362","0.495, 0.310","0.531, 0.332","0.545, 0.553","0.558, 0.551","0.548, 0.689","0.539, 0.690","0.491, 0.242","0.500, 0.270","0.547, 0.829","0.456, 0.812","0.541, 0.303",0.491,0.242,0.5,0.27,0.547,0.829,0.456,0.812,0.501,0.365,0.55,0.362,0.495,0.31,0.531,0.332,0.545,0.553,0.558,0.551,0.548,0.689,0.539,0.69,Finish
6.673340006673341,187.9058088215245,213.7505123498333,173.1137128580608,165.60032575281485,186.53725900007532,190.09427556070452,182.089621238393,206.87269794054228,"0.517, 0.361","0.548, 0.362","0.503, 0.311","0.526, 0.332","0.544, 0.552","0.557, 0.551","0.548, 0.689","0.539, 0.690","0.492, 0.242","0.498, 0.264","0.547, 0.829","0.456, 0.812","0.541, 0.305",0.492,0.242,0.498,0.264,0.547,0.829,0.456,0.812,0.517,0.361,0.548,0.362,0.503,0.311,0.526,0.332,0.544,0.552,0.557,0.551,0.548,0.689,0.539,0.69,Finish
6.706706706706707,180.52837631209445,216.6373362939866,181.05197129899452,162.8115785989001,187.45235655417625,190.01711388189625,182.07325301412428,206.90197711447385,"0.514, 0.361","0.548, 0.362","0.505, 0.308","0.525, 0.334","0.544, 0.552","0.557, 0.551","0.548, 0.689","0.539, 0.690","0.492, 0.240","0.497, 0.263","0.547, 0.829","0.456, 0.812","0.541, 0.306",0.492,0.24,0.497,0.263,0.547,0.829,0.456,0.812,0.514,0.361,0.548,0.362,0.505,0.308,0.525,0.334,0.544,0.552,0.557,0.551,0.548,0.689,0.539,0.69,Finish
6.740073406740073,177.4435888771562,186.2009668436368,175.35525237505445,215.93127833895372,187.4713673074843,189.04326739771733,183.51416020878517,206.21705736843688,"0.504, 0.364","0.556, 0.362","0.496, 0.307","0.548, 0.303","0.540, 0.552","0.559, 0.551","0.548, 0.689","0.539, 0.689","0.492, 0.241","0.500, 0.251","0.547, 0.829","0.456, 0.812","0.542, 0.306",0.492,0.241,0.5,0.251,0.547,0.829,0.456,0.812,0.504,0.364,0.556,0.362,0.496,0.307,0.548,0.303,0.54,0.552,0.559,0.551,0.548,0.689,0.539,0.689,Finish
6.773440106773441,173.07101111901807,182.8874432066129,174.05219795737634,225.3809334055724,187.8490589186316,188.6497980139032,184.5380810137889,205.6502227464288,"0.497, 0.365","0.559, 0.361","0.491, 0.307","0.555, 0.291","0.537, 0.552","0.560, 0.551","0.548, 0.689","0.540, 0.688","0.492, 0.241","0.502, 0.244","0.547, 0.829","0.456, 0.812","0.543, 0.307",0.492,0.241,0.502,0.244,0.547,0.829,0.456,0.812,0.497,0.365,0.559,0.361,0.491,0.307,0.555,0.291,0.537,0.552,0.56,0.551,0.548,0.689,0.54,0.688,Finish
6.806806806806807,173.19672545872382,182.36403912624291,171.89348688567088,226.53274844226308,187.5958866192989,188.6072387629036,184.93756748018268,205.3635235191572,"0.495, 0.365","0.560, 0.361","0.489, 0.307","0.557, 0.288","0.536, 0.552","0.560, 0.551","0.548, 0.689","0.540, 0.688","0.492, 0.242","0.503, 0.241","0.547, 0.829","0.456, 0.812","0.544, 0.307",0.492,0.242,0.503,0.241,0.547,0.829,0.456,0.812,0.495,0.365,0.56,0.361,0.489,0.307,0.557,0.288,0.536,0.552,0.56,0.551,0.548,0.689,0.54,0.688,Finish
6.840173506840173,175.3001771174849,182.835948513468,165.67958320188117,225.78681675381472,187.6219955120945,188.66632346803675,185.24456949605252,205.1449722960644,"0.493, 0.366","0.561, 0.360","0.484, 0.308","0.557, 0.287","0.535, 0.552","0.561, 0.551","0.548, 0.689","0.540, 0.687","0.492, 0.242","0.503, 0.240","0.547, 0.829","0.456, 0.812","0.544, 0.307",0.492,0.242,0.503,0.24,0.547,0.829,0.456,0.812,0.493,0.366,0.561,0.36,0.484,0.308,0.557,0.287,0.535,0.552,0.561,0.551,0.548,0.689,0.54,0.687,Finish
6.873540206873541,176.06964295466432,183.2051419719904,163.23948725922972,225.1445695251392,187.55790113671304,188.6795557748278,185.41919252023257,205.03103325560608,"0.492, 0.367","0.561, 0.360","0.483, 0.308","0.557, 0.287","0.535, 0.553","0.561, 0.551","0.548, 0.689","0.540, 0.687","0.491, 0.242","0.504, 0.239","0.548, 0.829","0.456, 0.812","0.543, 0.307",0.491,0.242,0.504,0.239,0.548,0.829,0.456,0.812,0.492,0.367,0.561,0.36,0.483,0.308,0.557,0.287,0.535,0.553,0.561,0.551,0.548,0.689,0.54,0.687,Finish
6.906906906906907,176.4095955295753,183.47585718823044,162.1108403920108,224.6711654260256,187.46821407544928,188.7392200222389,185.54881232993816,204.93982221252335,"0.491, 0.367","0.562, 0.359","0.482, 0.308","0.557, 0.287","0.534, 0.553","0.561, 0.551","0.548, 0.689","0.540, 0.687","0.491, 0.243","0.504, 0.239","0.548, 0.829","0.456, 0.812","0.543, 0.307",0.491,0.243,0.504,0.239,0.548,0.829,0.456,0.812,0.491,0.367,0.562,0.359,0.482,0.308,0.557,0.287,0.534,0.553,0.561,0.551,0.548,0.689,0.54,0.687,Finish
6.9402736069402735,176.64629750941876,183.8295957737141,161.42769383811242,224.2999172606497,187.31050053767828,188.78777801962363,185.69476155955252,204.8547203407719,"0.491, 0.368","0.562, 0.359","0.481, 0.309","0.557, 0.286","0.534, 0.553","0.561, 0.551","0.548, 0.688","0.540, 0.687","0.491, 0.243","0.504, 0.239","0.548, 0.829","0.456, 0.812","0.543, 0.307",0.491,0.243,0.504,0.239,0.548,0.829,0.456,0.812,0.491,0.368,0.562,0.359,0.481,0.309,0.557,0.286,0.534,0.553,0.561,0.551,0.548,0.688,0.54,0.687,Finish
6.973640306973641,176.8471614137672,183.95996785377667,161.03765219812533,224.0226881615886,187.2143709953616,188.85328958112868,185.76755553510657,204.80545436291243,"0.491, 0.368","0.562, 0.359","0.481, 0.309","0.557, 0.287","0.534, 0.553","0.561, 0.551","0.548, 0.688","0.540, 0.687","0.491, 0.243","0.504, 0.239","0.548, 0.829","0.456, 0.812","0.543, 0.308",0.491,0.243,0.504,0.239,0.548,0.829,0.456,0.812,0.491,0.368,0.562,0.359,0.481,0.309,0.557,0.287,0.534,0.553,0.561,0.551,0.548,0.688,0.54,0.687,Finish
7.007007007007007,176.89956013154114,183.94909419879997,160.92037418999007,223.88946161979757,187.20059929752088,188.90668891241043,185.7827252780339,204.76817680708623,"0.491, 0.369","0.562, 0.359","0.481, 0.309","0.557, 0.287","0.534, 0.553","0.561, 0.551","0.548, 0.688","0.540, 0.687","0.491, 0.243","0.504, 0.239","0.548, 0.829","0.456, 0.812","0.543, 0.308",0.491,0.243,0.504,0.239,0.548,0.829,0.456,0.812,0.491,0.369,0.562,0.359,0.481,0.309,0.557,0.287,0.534,0.553,0.561,0.551,0.548,0.688,0.54,0.687,Finish
7.040373707040375,178.83710675397552,184.73182938265137,159.15136896639711,221.85797038794567,187.16770697235228,188.97410578710864,185.3964825475341,204.5904950360749,"0.494, 0.368","0.561, 0.359","0.481, 0.306","0.556, 0.287","0.535, 0.552","0.561, 0.551","0.548, 0.688","0.540, 0.687","0.492, 0.242","0.505, 0.239","0.548, 0.829","0.457, 0.812","0.545, 0.305",0.492,0.242,0.505,0.239,0.548,0.829,0.457,0.812,0.494,0.368,0.561,0.359,0.481,0.306,0.556,0.287,0.535,0.552,0.561,0.551,0.548,0.688,0.54,0.687,Finish
7.073740407073741,179.11431482136112,184.87444661565704,159.77023760762975,221.6335296937322,186.9890570910963,188.99962570476023,185.3353908047878,204.58174512266825,"0.495, 0.368","0.561, 0.359","0.482, 0.305","0.555, 0.288","0.535, 0.552","0.561, 0.551","0.548, 0.688","0.540, 0.687","0.492, 0.241","0.505, 0.240","0.548, 0.828","0.457, 0.812","0.547, 0.304",0.492,0.241,0.505,0.24,0.548,0.828,0.457,0.812,0.495,0.368,0.561,0.359,0.482,0.305,0.555,0.288,0.535,0.552,0.561,0.551,0.548,0.688,0.54,0.687,Finish
7.107107107107107,180.2692206024663,184.76036246518916,159.1363618636193,221.51866698937684,186.89380720758692,189.04915097239592,185.17447043533943,204.31953437329744,"0.496, 0.367","0.561, 0.359","0.483, 0.304","0.555, 0.288","0.535, 0.552","0.561, 0.551","0.548, 0.688","0.540, 0.687","0.492, 0.240","0.505, 0.240","0.548, 0.828","0.458, 0.812","0.547, 0.301",0.492,0.24,0.505,0.24,0.548,0.828,0.458,0.812,0.496,0.367,0.561,0.359,0.483,0.304,0.555,0.288,0.535,0.552,0.561,0.551,0.548,0.688,0.54,0.687,Finish
7.1404738071404745,180.2653300102242,184.43543270195076,159.6350633106081,221.4193868901953,186.83027764887265,189.1741983782773,185.1481351821594,204.2043408927909,"0.497, 0.366","0.561, 0.359","0.483, 0.304","0.555, 0.288","0.536, 0.551","0.561, 0.551","0.548, 0.687","0.540, 0.687","0.492, 0.239","0.505, 0.240","0.548, 0.828","0.458, 0.812","0.547, 0.298",0.492,0.239,0.505,0.24,0.548,0.828,0.458,0.812,0.497,0.366,0.561,0.359,0.483,0.304,0.555,0.288,0.536,0.551,0.561,0.551,0.548,0.687,0.54,0.687,Finish
7.173840507173841,181.0961535586301,184.32707788697988,158.15666812993848,221.5161929251449,186.8116611508406,189.27639538926627,185.14242715366885,204.11624432982583,"0.497, 0.366","0.561, 0.359","0.483, 0.304","0.555, 0.289","0.536, 0.551","0.561, 0.551","0.548, 0.687","0.540, 0.687","0.493, 0.239","0.505, 0.241","0.548, 0.828","0.458, 0.812","0.547, 0.298",0.493,0.239,0.505,0.241,0.548,0.828,0.458,0.812,0.497,0.366,0.561,0.359,0.483,0.304,0.555,0.289,0.536,0.551,0.561,0.551,0.548,0.687,0.54,0.687,Finish
7.207207207207207,181.79338213075275,183.07469418408135,157.27496333844718,222.7805370622984,186.8953167668051,189.65798954811387,184.9965768657221,204.0448608376121,"0.497, 0.366","0.559, 0.359","0.483, 0.304","0.555, 0.289","0.536, 0.551","0.561, 0.551","0.548, 0.687","0.539, 0.687","0.493, 0.239","0.505, 0.241","0.548, 0.828","0.458, 0.812","0.547, 0.298",0.493,0.239,0.505,0.241,0.548,0.828,0.458,0.812,0.497,0.366,0.559,0.359,0.483,0.304,0.555,0.289,0.536,0.551,0.561,0.551,0.548,0.687,0.539,0.687,Finish
7.240573907240575,183.19665301431945,182.8812682201868,155.86998783943116,222.20158182386015,187.03374006822156,189.9361163847031,184.716108126228,204.00395924635117,"0.498, 0.363","0.558, 0.359","0.483, 0.304","0.554, 0.289","0.537, 0.551","0.561, 0.551","0.548, 0.687","0.539, 0.688","0.493, 0.239","0.506, 0.242","0.548, 0.828","0.458, 0.812","0.547, 0.297",0.493,0.239,0.506,0.242,0.548,0.828,0.458,0.812,0.498,0.363,0.558,0.359,0.483,0.304,0.554,0.289,0.537,0.551,0.561,0.551,0.548,0.687,0.539,0.688,Finish
7.273940607273941,180.9867716305417,182.18366321807903,160.6625725850809,221.9575510701491,187.28535734162327,190.21205244097607,184.4107659756857,204.02641018427596,"0.499, 0.361","0.557, 0.359","0.486, 0.302","0.553, 0.289","0.538, 0.551","0.561, 0.550","0.548, 0.687","0.539, 0.688","0.494, 0.239","0.506, 0.242","0.548, 0.828","0.458, 0.812","0.547, 0.297",0.494,0.239,0.506,0.242,0.548,0.828,0.458,0.812,0.499,0.361,0.557,0.359,0.486,0.302,0.553,0.289,0.538,0.551,0.561,0.55,0.548,0.687,0.539,0.688,Finish
7.307307307307307,180.43718295402363,182.39919595327217,162.56818692310267,220.86704701164408,187.5145746964333,190.3295600734018,184.10394535886235,204.06685621973995,"0.500, 0.361","0.557, 0.359","0.488, 0.302","0.552, 0.289","0.539, 0.551","0.561, 0.550","0.548, 0.687","0.539, 0.688","0.494, 0.239","0.506, 0.242","0.548, 0.828","0.458, 0.812","0.548, 0.297",0.494,0.239,0.506,0.242,0.548,0.828,0.458,0.812,0.5,0.361,0.557,0.359,0.488,0.302,0.552,0.289,0.539,0.551,0.561,0.55,0.548,0.687,0.539,0.688,Finish
7.340674007340675,179.78511902485644,183.34412325909216,164.1935515800633,219.07381512587563,187.68300915964596,190.38673389885577,183.91881879577608,204.0331517729809,"0.501, 0.361","0.556, 0.359","0.489, 0.301","0.551, 0.289","0.539, 0.551","0.561, 0.550","0.548, 0.687","0.539, 0.688","0.494, 0.239","0.506, 0.242","0.547, 0.828","0.458, 0.813","0.548, 0.297",0.494,0.239,0.506,0.242,0.547,0.828,0.458,0.813,0.501,0.361,0.556,0.359,0.489,0.301,0.551,0.289,0.539,0.551,0.561,0.55,0.548,0.687,0.539,0.688,Finish
7.374040707374041,180.8718912814125,184.9558827786593,162.6720204383827,216.43632237054905,187.8913955570231,190.3837731325175,183.719344815796,204.04662426551457,"0.502, 0.362","0.556, 0.358","0.488, 0.301","0.549, 0.289","0.540, 0.551","0.561, 0.550","0.548, 0.688","0.539, 0.688","0.494, 0.239","0.505, 0.242","0.547, 0.828","0.458, 0.813","0.548, 0.297",0.494,0.239,0.505,0.242,0.547,0.828,0.458,0.813,0.502,0.362,0.556,0.358,0.488,0.301,0.549,0.289,0.54,0.551,0.561,0.55,0.548,0.688,0.539,0.688,Finish
7.407407407407407,182.65889662237296,187.4520458154977,160.36817588037624,212.72304695115037,188.08989362582207,190.3523745109677,183.45173124097687,204.1071008867491,"0.503, 0.363","0.556, 0.357","0.488, 0.301","0.546, 0.288","0.540, 0.551","0.561, 0.550","0.548, 0.688","0.539, 0.688","0.494, 0.240","0.504, 0.242","0.547, 0.828","0.458, 0.813","0.545, 0.300",0.494,0.24,0.504,0.242,0.547,0.828,0.458,0.813,0.503,0.363,0.556,0.357,0.488,0.301,0.546,0.288,0.54,0.551,0.561,0.55,0.548,0.688,0.539,0.688,Finish
7.440774107440775,184.51499632590176,188.4710723985857,157.91997018211651,211.24737506213648,188.4184705796423,190.3140882432938,183.11488828992208,204.2332587597704,"0.504, 0.364","0.556, 0.357","0.487, 0.302","0.544, 0.288","0.541, 0.551","0.561, 0.550","0.548, 0.688","0.539, 0.688","0.493, 0.244","0.503, 0.241","0.547, 0.828","0.458, 0.813","0.542, 0.301",0.493,0.244,0.503,0.241,0.547,0.828,0.458,0.813,0.504,0.364,0.556,0.357,0.487,0.302,0.544,0.288,0.541,0.551,0.561,0.55,0.548,0.688,0.539,0.688,Finish
7.474140807474141,185.05403188098109,189.8438266043206,156.71768056941093,209.96040188075557,188.5026099366824,190.08686895655032,183.0811459883687,204.14071519746503,"0.504, 0.364","0.557, 0.356","0.486, 0.302","0.544, 0.288","0.542, 0.551","0.561, 0.550","0.548, 0.688","0.539, 0.688","0.493, 0.244","0.503, 0.241","0.547, 0.828","0.458, 0.813","0.542, 0.302",0.493,0.244,0.503,0.241,0.547,0.828,0.458,0.813,0.504,0.364,0.557,0.356,0.486,0.302,0.544,0.288,0.542,0.551,0.561,0.55,0.548,0.688,0.539,0.688,Finish
7.5075075075075075,185.26288059696867,190.5022280554608,156.00208078903674,209.6344224993012,188.54619062932045,189.92522009768024,183.0922624971992,204.04231997897548,"0.504, 0.365","0.558, 0.355","0.486, 0.302","0.544, 0.288","0.542, 0.551","0.561, 0.550","0.548, 0.688","0.539, 0.688","0.493, 0.244","0.503, 0.241","0.547, 0.828","0.458, 0.813","0.542, 0.302",0.493,0.244,0.503,0.241,0.547,0.828,0.458,0.813,0.504,0.365,0.558,0.355,0.486,0.302,0.544,0.288,0.542,0.551,0.561,0.55,0.548,0.688,0.539,0.688,Finish
7.540874207540875,187.1179077629317,190.42557389956733,153.69308601586218,209.44709927161773,188.65869500862337,189.9660435932847,183.01651713284895,204.08207511254184,"0.504, 0.365","0.557, 0.355","0.485, 0.306","0.544, 0.288","0.542, 0.551","0.560, 0.550","0.548, 0.688","0.538, 0.688","0.493, 0.246","0.503, 0.241","0.547, 0.828","0.457, 0.813","0.541, 0.303",0.493,0.246,0.503,0.241,0.547,0.828,0.457,0.813,0.504,0.365,0.557,0.355,0.485,0.306,0.544,0.288,0.542,0.551,0.56,0.55,0.548,0.688,0.538,0.688,Mid-Follow-Through
7.574240907574241,187.49167643515128,190.80957069772512,152.5723411528343,209.49452120919847,188.74696006849493,189.89891521183392,183.01443243692387,204.05360938675307,"0.504, 0.365","0.558, 0.355","0.484, 0.306","0.544, 0.288","0.542, 0.551","0.561, 0.550","0.548, 0.688","0.538, 0.689","0.493, 0.246","0.503, 0.240","0.547, 0.828","0.457, 0.813","0.541, 0.303",0.493,0.246,0.503,0.24,0.547,0.828,0.457,0.813,0.504,0.365,0.558,0.355,0.484,0.306,0.544,0.288,0.542,0.551,0.561,0.55,0.548,0.688,0.538,0.689,Mid-Follow-Through
7.607607607607608,187.2955294498516,187.697709255974,152.52161559566093,214.6894195729356,188.8829486349865,190.1668229525996,183.0206462346822,204.08143257157525,"0.504, 0.366","0.558, 0.355","0.483, 0.306","0.548, 0.288","0.542, 0.552","0.561, 0.550","0.548, 0.688","0.538, 0.689","0.493, 0.246","0.503, 0.241","0.547, 0.828","0.457, 0.812","0.541, 0.303",0.493,0.246,0.503,0.241,0.547,0.828,0.457,0.812,0.504,0.366,0.558,0.355,0.483,0.306,0.548,0.288,0.542,0.552,0.561,0.55,0.548,0.688,0.538,0.689,Mid-Follow-Through
7.640974307640975,186.78042272774545,183.65258770756608,153.0191496706363,220.5943011165253,189.01409687181533,190.49840083534505,183.0653874427097,204.21613466329956,"0.503, 0.366","0.557, 0.356","0.483, 0.307","0.551, 0.288","0.542, 0.552","0.561, 0.551","0.548, 0.688","0.538, 0.690","0.493, 0.246","0.503, 0.241","0.547, 0.828","0.457, 0.812","0.541, 0.303",0.493,0.246,0.503,0.241,0.547,0.828,0.457,0.812,0.503,0.366,0.557,0.356,0.483,0.307,0.551,0.288,0.542,0.552,0.561,0.551,0.548,0.688,0.538,0.69,Finish
7.674341007674341,186.61468884814389,179.2087346783171,153.18950437710055,226.9869919443483,189.21026177830117,190.9117075852697,183.01644086310253,204.5173611867648,"0.503, 0.365","0.555, 0.357","0.483, 0.307","0.554, 0.289","0.542, 0.552","0.561, 0.551","0.548, 0.689","0.539, 0.690","0.493, 0.246","0.504, 0.243","0.547, 0.828","0.457, 0.812","0.542, 0.302",0.493,0.246,0.504,0.243,0.547,0.828,0.457,0.812,0.503,0.365,0.555,0.357,0.483,0.307,0.554,0.289,0.542,0.552,0.561,0.551,0.548,0.689,0.539,0.69,Finish
7.707707707707708,186.07276375004847,177.27916106791926,153.83738691476177,230.19022410191252,189.33811992484613,191.05441410651892,183.00117357013676,204.7999794675467,"0.502, 0.365","0.555, 0.358","0.483, 0.307","0.556, 0.289","0.542, 0.553","0.561, 0.552","0.548, 0.689","0.539, 0.691","0.492, 0.245","0.504, 0.245","0.547, 0.828","0.457, 0.812","0.542, 0.302",0.492,0.245,0.504,0.245,0.547,0.828,0.457,0.812,0.502,0.365,0.555,0.358,0.483,0.307,0.556,0.289,0.542,0.553,0.561,0.552,0.548,0.689,0.539,0.691,Finish
7.741074407741075,185.2106709443614,176.2164131518394,154.64800798350808,231.8085141839057,189.4804101739105,191.2098618786658,183.0599849956143,204.92429648981508,"0.501, 0.365","0.555, 0.359","0.483, 0.307","0.557, 0.289","0.542, 0.553","0.562, 0.552","0.548, 0.689","0.539, 0.691","0.492, 0.245","0.505, 0.245","0.547, 0.828","0.457, 0.812","0.542, 0.301",0.492,0.245,0.505,0.245,0.547,0.828,0.457,0.812,0.501,0.365,0.555,0.359,0.483,0.307,0.557,0.289,0.542,0.553,0.562,0.552,0.548,0.689,0.539,0.691,Finish
7.774441107774441,182.6698203306885,175.77579744316122,156.55127807674282,232.42074334582708,189.78245867982,191.409868203626,183.3116327923504,204.9351424670354,"0.499, 0.365","0.555, 0.358","0.483, 0.308","0.558, 0.289","0.541, 0.553","0.562, 0.552","0.548, 0.689","0.539, 0.691","0.492, 0.245","0.505, 0.245","0.547, 0.828","0.457, 0.812","0.542, 0.301",0.492,0.245,0.505,0.245,0.547,0.828,0.457,0.812,0.499,0.365,0.555,0.358,0.483,0.308,0.558,0.289,0.541,0.553,0.562,0.552,0.548,0.689,0.539,0.691,Finish
7.807807807807809,181.6839785923336,175.42711800366422,157.291454815275,232.87979694662897,189.8171704511477,191.58688375889128,183.451573225334,204.95964037673733,"0.497, 0.365","0.555, 0.358","0.483, 0.308","0.558, 0.289","0.541, 0.553","0.563, 0.552","0.548, 0.689","0.540, 0.691","0.492, 0.245","0.505, 0.246","0.547, 0.828","0.457, 0.812","0.542, 0.300",0.492,0.245,0.505,0.246,0.547,0.828,0.457,0.812,0.497,0.365,0.555,0.358,0.483,0.308,0.558,0.289,0.541,0.553,0.563,0.552,0.548,0.689,0.54,0.691,Finish
7.841174507841175,181.12650962180476,175.22258839615822,157.73416429152326,233.18506471304943,189.76639275215103,191.7176422038426,183.58085765156176,204.98554976909676,"0.497, 0.365","0.555, 0.358","0.482, 0.308","0.558, 0.289","0.540, 0.553","0.563, 0.553","0.548, 0.689","0.540, 0.691","0.491, 0.245","0.506, 0.246","0.547, 0.828","0.457, 0.812","0.542, 0.300",0.491,0.245,0.506,0.246,0.547,0.828,0.457,0.812,0.497,0.365,0.555,0.358,0.482,0.308,0.558,0.289,0.54,0.553,0.563,0.553,0.548,0.689,0.54,0.691,Finish
7.874541207874541,180.92431962495004,175.15589995187804,157.85694775067137,233.43161548803184,189.74408603631807,191.7423319863125,183.6329691619233,205.0159833984176,"0.496, 0.365","0.555, 0.358","0.482, 0.308","0.558, 0.289","0.540, 0.553","0.563, 0.553","0.548, 0.689","0.540, 0.691","0.491, 0.245","0.506, 0.246","0.547, 0.827","0.457, 0.812","0.543, 0.300",0.491,0.245,0.506,0.246,0.547,0.827,0.457,0.812,0.496,0.365,0.555,0.358,0.482,0.308,0.558,0.289,0.54,0.553,0.563,0.553,0.548,0.689,0.54,0.691,Finish
7.907907907907909,180.841393704954,175.11175873592148,157.8670649746613,233.6046177353828,189.69811769175587,191.75633680837225,183.68382822266028,205.04433988287,"0.496, 0.365","0.555, 0.358","0.482, 0.308","0.559, 0.289","0.540, 0.553","0.563, 0.553","0.548, 0.689","0.540, 0.691","0.491, 0.245","0.506, 0.247","0.547, 0.827","0.457, 0.812","0.543, 0.300",0.491,0.245,0.506,0.247,0.547,0.827,0.457,0.812,0.496,0.365,0.555,0.358,0.482,0.308,0.559,0.289,0.54,0.553,0.563,0.553,0.548,0.689,0.54,0.691,Finish
7.941274607941275,180.87913306445705,175.10144562277995,157.8199802852269,233.7297691831663,189.4942328392341,191.7577537095435,183.8274457902598,205.0757971011293,"0.496, 0.365","0.556, 0.358","0.482, 0.308","0.559, 0.289","0.540, 0.553","0.563, 0.553","0.548, 0.689","0.540, 0.691","0.491, 0.245","0.506, 0.247","0.547, 0.827","0.457, 0.812","0.543, 0.300",0.491,0.245,0.506,0.247,0.547,0.827,0.457,0.812,0.496,0.365,0.556,0.358,0.482,0.308,0.559,0.289,0.54,0.553,0.563,0.553,0.548,0.689,0.54,0.691,Finish
7.974641307974641,180.9808000077581,175.10646026252803,157.71140203054583,233.8592364650061,189.3302966484108,191.72419927240847,183.92718934856288,205.13055762691644,"0.496, 0.365","0.556, 0.358","0.482, 0.308","0.559, 0.290","0.539, 0.553","0.563, 0.553","0.548, 0.689","0.540, 0.691","0.491, 0.245","0.506, 0.247","0.547, 0.827","0.457, 0.812","0.543, 0.300",0.491,0.245,0.506,0.247,0.547,0.827,0.457,0.812,0.496,0.365,0.556,0.358,0.482,0.308,0.559,0.29,0.539,0.553,0.563,0.553,0.548,0.689,0.54,0.691,Finish
8.008008008008009,181.0016707211848,175.07403632688283,157.69261661767706,233.93382643043503,189.31666119348844,191.7051470530613,183.9389014726567,205.1703594655167,"0.496, 0.365","0.556, 0.358","0.482, 0.308","0.559, 0.290","0.539, 0.553","0.563, 0.553","0.548, 0.689","0.540, 0.691","0.491, 0.245","0.506, 0.247","0.547, 0.827","0.457, 0.812","0.543, 0.300",0.491,0.245,0.506,0.247,0.547,0.827,0.457,0.812,0.496,0.365,0.556,0.358,0.482,0.308,0.559,0.29,0.539,0.553,0.563,0.553,0.548,0.689,0.54,0.691,Finish
8.041374708041374,181.25361020796225,175.11009952929157,157.4760310179989,233.89710386134288,189.2721004247228,191.6632501652633,183.9323356345896,205.22917005425413,"0.496, 0.364","0.556, 0.358","0.482, 0.308","0.559, 0.290","0.539, 0.554","0.563, 0.553","0.548, 0.689","0.540, 0.691","0.491, 0.245","0.506, 0.247","0.547, 0.827","0.457, 0.812","0.543, 0.299",0.491,0.245,0.506,0.247,0.547,0.827,0.457,0.812,0.496,0.364,0.556,0.358,0.482,0.308,0.559,0.29,0.539,0.554,0.563,0.553,0.548,0.689,0.54,0.691,Finish
8.074741408074741,181.32903604443237,175.1901938227278,157.34563855854137,233.79068280443724,189.2661028705573,191.64206340225192,183.9382158518054,205.25980851908503,"0.496, 0.364","0.556, 0.358","0.482, 0.308","0.559, 0.290","0.539, 0.554","0.563, 0.553","0.548, 0.689","0.540, 0.691","0.491, 0.245","0.506, 0.247","0.547, 0.827","0.457, 0.812","0.543, 0.299",0.491,0.245,0.506,0.247,0.547,0.827,0.457,0.812,0.496,0.364,0.556,0.358,0.482,0.308,0.559,0.29,0.539,0.554,0.563,0.553,0.548,0.689,0.54,0.691,Finish
8.108108108108109,181.35208492636656,175.25041716005393,157.26756475551232,233.71212647307547,189.27164726557908,191.63401802490665,183.93905058586455,205.26902681516225,"0.496, 0.364","0.556, 0.358","0.482, 0.308","0.559, 0.290","0.539, 0.554","0.563, 0.553","0.548, 0.689","0.540, 0.691","0.491, 0.245","0.506, 0.247","0.547, 0.827","0.457, 0.812","0.543, 0.299",0.491,0.245,0.506,0.247,0.547,0.827,0.457,0.812,0.496,0.364,0.556,0.358,0.482,0.308,0.559,0.29,0.539,0.554,0.563,0.553,0.548,0.689,0.54,0.691,Finish
8.141474808141476,181.3701642013964,175.32090766602605,157.22865517605317,233.6206651321735,189.1742437674832,191.63015861895505,184.0060278095396,205.2722169995343,"0.496, 0.364","0.556, 0.358","0.482, 0.308","0.559, 0.290","0.539, 0.554","0.563, 0.553","0.548, 0.689","0.540, 0.691","0.491, 0.245","0.506, 0.247","0.547, 0.827","0.457, 0.812","0.543, 0.299",0.491,0.245,0.506,0.247,0.547,0.827,0.457,0.812,0.496,0.364,0.556,0.358,0.482,0.308,0.559,0.29,0.539,0.554,0.563,0.553,0.548,0.689,0.54,0.691,Finish
8.174841508174842,181.40610211292545,175.38611445757704,157.11730582643798,233.53760984630077,189.1893912952609,191.62276234859388,183.99681496050053,205.27551299299776,"0.496, 0.365","0.556, 0.358","0.481, 0.308","0.559, 0.290","0.539, 0.554","0.563, 0.553","0.548, 0.689","0.540, 0.691","0.491, 0.245","0.506, 0.247","0.547, 0.827","0.457, 0.812","0.543, 0.299",0.491,0.245,0.506,0.247,0.547,0.827,0.457,0.812,0.496,0.365,0.556,0.358,0.481,0.308,0.559,0.29,0.539,0.554,0.563,0.553,0.548,0.689,0.54,0.691,Finish
8.208208208208209,181.59118563951688,175.42899621397368,156.89588811723556,233.4715690913644,189.1726399874443,191.63216238687875,183.98922292759767,205.28005858656107,"0.496, 0.364","0.556, 0.358","0.481, 0.308","0.559, 0.290","0.539, 0.554","0.563, 0.553","0.548, 0.689","0.540, 0.691","0.491, 0.245","0.506, 0.247","0.547, 0.827","0.457, 0.812","0.543, 0.299",0.491,0.245,0.506,0.247,0.547,0.827,0.457,0.812,0.496,0.364,0.556,0.358,0.481,0.308,0.559,0.29,0.539,0.554,0.563,0.553,0.548,0.689,0.54,0.691,Finish
8.241574908241576,181.71982391182655,175.45591066598976,156.77196838978784,233.4060727556306,189.15932072145657,191.6563070200688,183.9851012261317,205.2737233998694,"0.496, 0.364","0.556, 0.358","0.481, 0.308","0.559, 0.290","0.539, 0.554","0.563, 0.553","0.548, 0.689","0.541, 0.691","0.491, 0.245","0.506, 0.247","0.547, 0.827","0.457, 0.812","0.543, 0.299",0.491,0.245,0.506,0.247,0.547,0.827,0.457,0.812,0.496,0.364,0.556,0.358,0.481,0.308,0.559,0.29,0.539,0.554,0.563,0.553,0.548,0.689,0.541,0.691,Finish
8.274941608274942,181.67642645818225,175.4716022254511,156.75243840181463,233.37626961576467,189.1834367983367,191.6589943121998,183.9824714603499,205.27966847093845,"0.496, 0.364","0.556, 0.358","0.481, 0.308","0.559, 0.290","0.539, 0.554","0.564, 0.553","0.548, 0.689","0.541, 0.691","0.491, 0.245","0.506, 0.247","0.547, 0.827","0.457, 0.812","0.543, 0.299",0.491,0.245,0.506,0.247,0.547,0.827,0.457,0.812,0.496,0.364,0.556,0.358,0.481,0.308,0.559,0.29,0.539,0.554,0.564,0.553,0.548,0.689,0.541,0.691,Finish
8.308308308308309,181.76215370056997,175.49386796695967,156.66891615643064,233.3493662793365,189.17267423188628,191.64945356772864,183.98013810103205,205.2957308974453,"0.496, 0.364","0.556, 0.358","0.481, 0.308","0.559, 0.290","0.539, 0.554","0.564, 0.553","0.548, 0.689","0.541, 0.691","0.491, 0.245","0.507, 0.247","0.547, 0.827","0.457, 0.812","0.543, 0.299",0.491,0.245,0.507,0.247,0.547,0.827,0.457,0.812,0.496,0.364,0.556,0.358,0.481,0.308,0.559,0.29,0.539,0.554,0.564,0.553,0.548,0.689,0.541,0.691,Finish
8.341675008341676,180.91184636431055,176.0309788811678,156.53472836676576,233.7511041480732,188.9249360076463,192.11929490474043,184.3237009949601,204.78577713939683,"0.496, 0.364","0.557, 0.358","0.482, 0.307","0.559, 0.289","0.539, 0.554","0.564, 0.553","0.548, 0.689","0.541, 0.690","0.492, 0.245","0.506, 0.248","0.547, 0.827","0.457, 0.811","0.545, 0.299",0.492,0.245,0.506,0.248,0.547,0.827,0.457,0.811,0.496,0.364,0.557,0.358,0.482,0.307,0.559,0.289,0.539,0.554,0.564,0.553,0.548,0.689,0.541,0.69,Finish
8.375041708375042,179.26729891874152,176.30841311198708,158.22736838413294,233.6739897096365,188.6234481929835,192.692657576676,185.20168224236605,204.12164358183256,"0.495, 0.364","0.557, 0.358","0.483, 0.305","0.559, 0.289","0.539, 0.553","0.566, 0.553","0.548, 0.688","0.541, 0.689","0.493, 0.244","0.506, 0.248","0.546, 0.826","0.457, 0.811","0.545, 0.300",0.493,0.244,0.506,0.248,0.546,0.826,0.457,0.811,0.495,0.364,0.557,0.358,0.483,0.305,0.559,0.289,0.539,0.553,0.566,0.553,0.548,0.688,0.541,0.689,Finish
8.408408408408409,178.53633508118443,175.78212391595326,158.7462232442316,234.0088564698557,188.5799999855261,192.75838925159096,185.67547264846763,204.12758513345105,"0.495, 0.364","0.557, 0.358","0.483, 0.304","0.560, 0.289","0.538, 0.553","0.566, 0.553","0.548, 0.687","0.541, 0.689","0.494, 0.244","0.507, 0.248","0.545, 0.826","0.457, 0.811","0.545, 0.300",0.494,0.244,0.507,0.248,0.545,0.826,0.457,0.811,0.495,0.364,0.557,0.358,0.483,0.304,0.56,0.289,0.538,0.553,0.566,0.553,0.548,0.687,0.541,0.689,Finish
8.441775108441776,177.5068663485115,175.66284665984756,159.62139084628433,234.079087014378,188.66083129144204,192.81964112869323,185.8984886802698,204.1311090553724,"0.495, 0.364","0.557, 0.358","0.484, 0.304","0.560, 0.289","0.538, 0.553","0.566, 0.553","0.549, 0.687","0.541, 0.689","0.494, 0.244","0.507, 0.248","0.545, 0.826","0.456, 0.811","0.545, 0.300",0.494,0.244,0.507,0.248,0.545,0.826,0.456,0.811,0.495,0.364,0.557,0.358,0.484,0.304,0.56,0.289,0.538,0.553,0.566,0.553,0.549,0.687,0.541,0.689,Finish
8.475141808475142,177.31613270882286,175.80043568597924,159.7372946826089,233.8212735044242,188.5951275913683,193.0086580785832,186.1455366780214,204.0012734392799,"0.495, 0.364","0.558, 0.357","0.484, 0.304","0.560, 0.289","0.538, 0.553","0.566, 0.553","0.549, 0.687","0.540, 0.690","0.494, 0.245","0.507, 0.248","0.545, 0.826","0.456, 0.811","0.543, 0.300",0.494,0.245,0.507,0.248,0.545,0.826,0.456,0.811,0.495,0.364,0.558,0.357,0.484,0.304,0.56,0.289,0.538,0.553,0.566,0.553,0.549,0.687,0.54,0.69,Finish
8.508508508508509,176.85798402924914,175.81798552561898,160.46630568627654,233.9930948651746,188.5798751451392,193.2506092438608,186.30962853660455,203.87908471556904,"0.495, 0.364","0.558, 0.357","0.484, 0.304","0.560, 0.289","0.538, 0.553","0.566, 0.553","0.549, 0.687","0.539, 0.690","0.494, 0.245","0.507, 0.248","0.544, 0.826","0.455, 0.811","0.542, 0.300",0.494,0.245,0.507,0.248,0.544,0.826,0.455,0.811,0.495,0.364,0.558,0.357,0.484,0.304,0.56,0.289,0.538,0.553,0.566,0.553,0.549,0.687,0.539,0.69,Finish
8.541875208541876,176.04053111480442,175.70837707705687,161.61958690234343,234.3940056555776,188.69307223731315,193.4383687420907,186.40439407150237,203.89120988460837,"0.494, 0.364","0.557, 0.357","0.485, 0.303","0.560, 0.288","0.539, 0.553","0.565, 0.553","0.549, 0.687","0.539, 0.691","0.494, 0.245","0.507, 0.248","0.544, 0.826","0.454, 0.812","0.542, 0.301",0.494,0.245,0.507,0.248,0.544,0.826,0.454,0.812,0.494,0.364,0.557,0.357,0.485,0.303,0.56,0.288,0.539,0.553,0.565,0.553,0.549,0.687,0.539,0.691,Finish
8.575241908575242,175.20792815857408,175.75038016666986,162.4739813284318,234.75070819661323,188.76758338864263,193.56600817007512,186.57318838068576,203.92524646336037,"0.494, 0.364","0.557, 0.357","0.485, 0.303","0.560, 0.288","0.538, 0.553","0.565, 0.553","0.549, 0.687","0.538, 0.691","0.494, 0.245","0.506, 0.248","0.544, 0.826","0.454, 0.812","0.542, 0.301",0.494,0.245,0.506,0.248,0.544,0.826,0.454,0.812,0.494,0.364,0.557,0.357,0.485,0.303,0.56,0.288,0.538,0.553,0.565,0.553,0.549,0.687,0.538,0.691,Finish
8.608608608608609,174.7724876033673,176.02577488159687,162.8231414393509,234.3569012783086,188.7952744180687,193.61599400039165,186.7976633462346,204.00625039483336,"0.494, 0.364","0.557, 0.357","0.485, 0.303","0.559, 0.287","0.538, 0.553","0.565, 0.553","0.549, 0.687","0.538, 0.692","0.494, 0.245","0.506, 0.247","0.543, 0.826","0.453, 0.812","0.542, 0.301",0.494,0.245,0.506,0.247,0.543,0.826,0.453,0.812,0.494,0.364,0.557,0.357,0.485,0.303,0.559,0.287,0.538,0.553,0.565,0.553,0.549,0.687,0.538,0.692,Finish
8.641975308641976,174.56333560143497,176.23173519370638,162.84781285722565,233.78970841743904,188.7804659728408,193.717017120268,186.91672503684447,203.9484175612262,"0.493, 0.364","0.557, 0.357","0.485, 0.303","0.559, 0.287","0.538, 0.553","0.566, 0.553","0.549, 0.688","0.538, 0.692","0.494, 0.245","0.506, 0.247","0.543, 0.826","0.453, 0.811","0.542, 0.301",0.494,0.245,0.506,0.247,0.543,0.826,0.453,0.811,0.493,0.364,0.557,0.357,0.485,0.303,0.559,0.287,0.538,0.553,0.566,0.553,0.549,0.688,0.538,0.692,Finish
8.675342008675342,174.33115505640484,176.51208577233768,163.0445469155719,233.2282178741225,188.7731339509031,193.77630596530733,187.0190746948962,203.93134168110345,"0.493, 0.364","0.557, 0.357","0.485, 0.303","0.559, 0.287","0.538, 0.553","0.566, 0.553","0.549, 0.688","0.538, 0.692","0.494, 0.245","0.506, 0.246","0.543, 0.826","0.453, 0.811","0.542, 0.301",0.494,0.245,0.506,0.246,0.543,0.826,0.453,0.811,0.493,0.364,0.557,0.357,0.485,0.303,0.559,0.287,0.538,0.553,0.566,0.553,0.549,0.688,0.538,0.692,Finish
8.70870870870871,174.39326097525372,176.9189494764585,162.85814343711732,232.26063632676843,188.7671732528434,193.8502387396246,187.06915911130585,203.8884957131359,"0.493, 0.365","0.557, 0.357","0.484, 0.303","0.558, 0.287","0.538, 0.553","0.566, 0.553","0.549, 0.688","0.538, 0.692","0.494, 0.245","0.506, 0.246","0.543, 0.826","0.453, 0.811","0.542, 0.302",0.494,0.245,0.506,0.246,0.543,0.826,0.453,0.811,0.493,0.365,0.557,0.357,0.484,0.303,0.558,0.287,0.538,0.553,0.566,0.553,0.549,0.688,0.538,0.692,Finish
8.742075408742078,174.34509291673757,177.22884028076027,162.95169470479118,231.587599680482,188.71300458068168,193.929984484241,187.11761198646784,203.86786456111727,"0.493, 0.365","0.558, 0.357","0.484, 0.303","0.558, 0.287","0.538, 0.553","0.566, 0.553","0.549, 0.688","0.537, 0.692","0.494, 0.245","0.507, 0.246","0.543, 0.826","0.453, 0.811","0.542, 0.302",0.494,0.245,0.507,0.246,0.543,0.826,0.453,0.811,0.493,0.365,0.558,0.357,0.484,0.303,0.558,0.287,0.538,0.553,0.566,0.553,0.549,0.688,0.537,0.692,Finish
