Time,Left Shoulder Angle,Right Shoulder Angle,Left Elbow Angle,Right Elbow Angle,Left Hip Angle,Right Hip Angle,Left Knee Angle,Right Knee Angle,"x, y Left Shoulder","x, y Right Shoulder","x, y Left Elbow","x, y Right Elbow","x, y Left Hip","x, y Right Hip","x, y Left Knee","x, y Right Knee","x, y Left Wrist","x, y Right Wrist","x, y Left Ankle","x, y Right Ankle","x, y Nose",Left Wrist x,Left Wrist y,Right Wrist x,Right Wrist y,Left Ankle x,Left Ankle y,Right Ankle x,Right Ankle y,Predicted_Pose
0.0,25.139363427183923,31.025978176202987,152.3352342485779,159.02377309743093,135.22399402268726,134.56191969534308,190.80663365916644,199.56285246584972,"0.485, 0.311","0.492, 0.318","0.467, 0.437","0.484, 0.457","0.359, 0.503","0.362, 0.510","0.398, 0.696","0.403, 0.711","0.510, 0.556","0.524, 0.578","0.401, 0.876","0.372, 0.930","0.575, 0.275",0.51,0.556,0.524,0.578,0.401,0.876,0.372,0.93,Preparation
0.0333667000333667,25.201905937253866,31.7490314953748,151.98283940053108,160.15888375994408,135.34436770286354,134.65519228412413,189.7928760633556,199.47322154332124,"0.483, 0.310","0.492, 0.318","0.466, 0.440","0.486, 0.457","0.358, 0.503","0.362, 0.510","0.398, 0.696","0.403, 0.712","0.509, 0.557","0.524, 0.578","0.404, 0.876","0.372, 0.930","0.572, 0.278",0.509,0.557,0.524,0.578,0.404,0.876,0.372,0.93,Preparation
0.0667334000667334,24.85786329021795,31.90761854830864,151.53757712845788,160.2497562071923,135.0701047664633,134.42286745892656,190.2375107021821,199.55098833867493,"0.482, 0.310","0.493, 0.318","0.464, 0.442","0.487, 0.457","0.357, 0.503","0.362, 0.509","0.398, 0.695","0.403, 0.713","0.506, 0.557","0.525, 0.578","0.404, 0.877","0.371, 0.929","0.571, 0.279",0.506,0.557,0.525,0.578,0.404,0.877,0.371,0.929,Preparation
0.1001001001001001,25.431863903539465,32.30713201865984,151.36391485746103,159.77226802099491,134.58675494230548,133.75153765289747,190.9284965808689,199.5716943444708,"0.482, 0.310","0.494, 0.322","0.464, 0.445","0.487, 0.459","0.357, 0.503","0.362, 0.510","0.399, 0.695","0.403, 0.713","0.507, 0.557","0.525, 0.578","0.404, 0.877","0.371, 0.928","0.571, 0.280",0.507,0.557,0.525,0.578,0.404,0.877,0.371,0.928,Preparation
0.1334668001334668,24.77844789455968,32.27861898254233,149.89347307690377,159.75270999895426,134.73302479595114,133.88036983119474,191.8407349789644,199.2934316551948,"0.483, 0.311","0.494, 0.321","0.465, 0.445","0.487, 0.458","0.359, 0.505","0.361, 0.510","0.402, 0.694","0.401, 0.713","0.509, 0.555","0.525, 0.576","0.404, 0.877","0.370, 0.928","0.571, 0.280",0.509,0.555,0.525,0.576,0.404,0.877,0.37,0.928,Preparation
0.1668335001668335,24.54432723003115,32.171481494432086,149.31979277625342,159.7918892519885,134.8889640157547,134.08327310884624,192.0217765567998,198.98914060545957,"0.483, 0.311","0.494, 0.320","0.465, 0.445","0.487, 0.457","0.359, 0.505","0.361, 0.511","0.402, 0.694","0.400, 0.713","0.510, 0.553","0.524, 0.575","0.404, 0.876","0.370, 0.928","0.570, 0.281",0.51,0.553,0.524,0.575,0.404,0.876,0.37,0.928,Preparation
0.2002002002002002,23.11639558451494,32.33351678250237,145.83259186340746,159.62828115560387,134.71748164646624,133.6079913438227,192.51469143692177,199.4502420531965,"0.481, 0.310","0.494, 0.321","0.459, 0.444","0.487, 0.457","0.358, 0.505","0.360, 0.511","0.402, 0.695","0.400, 0.714","0.509, 0.551","0.524, 0.575","0.404, 0.876","0.369, 0.928","0.569, 0.281",0.509,0.551,0.524,0.575,0.404,0.876,0.369,0.928,Preparation
0.2335669002335669,23.077737926138145,34.04134033165557,146.46618542134397,160.34807285843448,134.26214703180776,131.47219612088622,193.17110573995245,200.5056311579632,"0.481, 0.311","0.494, 0.322","0.460, 0.445","0.489, 0.461","0.358, 0.505","0.355, 0.511","0.404, 0.695","0.400, 0.715","0.507, 0.551","0.524, 0.576","0.405, 0.876","0.369, 0.927","0.568, 0.281",0.507,0.551,0.524,0.576,0.405,0.876,0.369,0.927,Preparation
0.2669336002669336,23.15019233276782,34.58047298248345,147.0354048266861,160.5287293474254,133.96548345153016,130.59919161851087,193.66223322378536,200.98179556669663,"0.481, 0.311","0.494, 0.323","0.460, 0.446","0.489, 0.462","0.359, 0.506","0.353, 0.511","0.405, 0.694","0.399, 0.715","0.506, 0.551","0.524, 0.577","0.406, 0.876","0.368, 0.927","0.568, 0.281",0.506,0.551,0.524,0.577,0.406,0.876,0.368,0.927,Preparation
0.3003003003003003,24.15789617272063,35.87019643991958,148.936879551407,162.29320457968896,133.83551645895102,129.9887987252114,193.8215233686252,201.08255396741507,"0.481, 0.311","0.494, 0.326","0.462, 0.446","0.491, 0.464","0.359, 0.506","0.353, 0.511","0.405, 0.695","0.399, 0.715","0.506, 0.551","0.524, 0.577","0.405, 0.876","0.368, 0.927","0.568, 0.281",0.506,0.551,0.524,0.577,0.405,0.876,0.368,0.927,Preparation
0.333667000333667,24.520304752141424,35.802560822961595,149.3119380384092,162.26022782697814,133.67335318103065,129.8535755509185,194.0108545858593,201.01849849291696,"0.481, 0.311","0.496, 0.326","0.462, 0.446","0.491, 0.465","0.358, 0.506","0.353, 0.512","0.405, 0.695","0.399, 0.717","0.506, 0.550","0.524, 0.578","0.405, 0.876","0.368, 0.927","0.567, 0.281",0.506,0.55,0.524,0.578,0.405,0.876,0.368,0.927,Preparation
0.3670337003670337,25.012933865450915,35.49618924839426,151.1234322408121,162.17563461899746,133.38337735437744,130.25280169227622,194.1768180688039,200.6898307815286,"0.479, 0.311","0.496, 0.327","0.462, 0.446","0.492, 0.466","0.356, 0.505","0.354, 0.513","0.404, 0.696","0.399, 0.718","0.502, 0.548","0.524, 0.578","0.404, 0.878","0.368, 0.928","0.566, 0.280",0.502,0.548,0.524,0.578,0.404,0.878,0.368,0.928,Preparation
0.4004004004004004,25.07524766789356,35.40646920255806,151.03204530616736,162.2140289904648,133.40262205777896,130.413845614517,194.00660916786325,200.42595532444665,"0.479, 0.311","0.497, 0.326","0.462, 0.446","0.492, 0.465","0.356, 0.505","0.354, 0.513","0.404, 0.697","0.399, 0.718","0.502, 0.548","0.524, 0.578","0.404, 0.879","0.368, 0.928","0.566, 0.279",0.502,0.548,0.524,0.578,0.404,0.879,0.368,0.928,Preparation
0.4337671004337671,23.385961394724525,35.43716367667685,155.8191598610533,162.21479763134582,134.02496190446232,130.4630190791778,194.93754276700875,199.99922821976588,"0.479, 0.311","0.497, 0.326","0.458, 0.445","0.492, 0.466","0.356, 0.506","0.354, 0.513","0.403, 0.701","0.399, 0.719","0.485, 0.544","0.524, 0.578","0.398, 0.888","0.369, 0.930","0.566, 0.278",0.485,0.544,0.524,0.578,0.398,0.888,0.369,0.93,Preparation
0.4671338004671338,23.16566298974944,35.669741296228395,153.84556020054106,162.08221974239245,134.88215801992925,130.94651911511602,193.95673721602253,199.13520643793956,"0.482, 0.313","0.497, 0.326","0.460, 0.447","0.492, 0.467","0.359, 0.506","0.354, 0.512","0.403, 0.701","0.395, 0.718","0.490, 0.548","0.524, 0.579","0.398, 0.888","0.367, 0.928","0.566, 0.278",0.49,0.548,0.524,0.579,0.398,0.888,0.367,0.928,Preparation
0.5005005005005005,23.054697694713308,35.78457252731614,152.89009490043782,161.9788486064604,135.26858551237922,131.22545279458768,193.5437790488204,198.43756387770023,"0.483, 0.314","0.497, 0.326","0.460, 0.448","0.492, 0.467","0.360, 0.506","0.354, 0.511","0.403, 0.701","0.394, 0.717","0.493, 0.551","0.525, 0.580","0.398, 0.889","0.366, 0.927","0.566, 0.278",0.493,0.551,0.525,0.58,0.398,0.889,0.366,0.927,Preparation
0.5338672005338673,22.358879365383743,35.88698600569515,152.55172228640257,162.38974434058522,135.9732563398379,131.3406067492456,193.76693492369708,198.543596431904,"0.484, 0.314","0.497, 0.325","0.461, 0.448","0.493, 0.467","0.363, 0.506","0.354, 0.511","0.404, 0.701","0.394, 0.717","0.494, 0.553","0.525, 0.581","0.398, 0.889","0.366, 0.926","0.566, 0.280",0.494,0.553,0.525,0.581,0.398,0.889,0.366,0.926,Preparation
0.5672339005672339,22.538415576736718,35.84332785138655,152.79363341457778,162.71364016543876,135.60709070051675,131.11888644206374,194.5392485333104,199.19481025462744,"0.483, 0.314","0.497, 0.325","0.461, 0.448","0.493, 0.467","0.363, 0.506","0.354, 0.511","0.406, 0.700","0.395, 0.717","0.495, 0.557","0.525, 0.584","0.398, 0.888","0.366, 0.925","0.566, 0.280",0.495,0.557,0.525,0.584,0.398,0.888,0.366,0.925,Preparation
0.6006006006006006,23.032390947121147,35.435424668252374,152.81182111793854,162.8672306564937,135.14878137004885,129.6705434642822,195.5300476407317,201.54359000932257,"0.483, 0.314","0.497, 0.325","0.461, 0.449","0.493, 0.467","0.362, 0.506","0.356, 0.511","0.406, 0.700","0.403, 0.714","0.497, 0.558","0.525, 0.585","0.396, 0.888","0.372, 0.922","0.566, 0.280",0.497,0.558,0.525,0.585,0.396,0.888,0.372,0.922,Preparation
0.6339673006339673,25.79950398803974,35.39835268042652,153.64956429980256,162.64185188684897,133.73069652986328,128.13994923718133,197.02375514168088,203.5005361682628,"0.486, 0.317","0.497, 0.325","0.469, 0.453","0.493, 0.467","0.363, 0.506","0.356, 0.511","0.408, 0.700","0.407, 0.709","0.506, 0.560","0.525, 0.585","0.396, 0.888","0.374, 0.920","0.569, 0.282",0.506,0.56,0.525,0.585,0.396,0.888,0.374,0.92,Preparation
0.6673340006673341,26.433956241294037,35.428064641222164,153.5105788036442,162.405035917375,132.89815516224616,127.39808562234236,198.3983265422717,204.77169709413903,"0.488, 0.318","0.497, 0.325","0.471, 0.455","0.492, 0.468","0.364, 0.506","0.356, 0.510","0.411, 0.699","0.410, 0.708","0.509, 0.562","0.525, 0.584","0.396, 0.887","0.374, 0.918","0.569, 0.282",0.509,0.562,0.525,0.584,0.396,0.887,0.374,0.918,Preparation
0.7007007007007008,26.04297342133535,35.58308560179887,153.24067163373132,162.25734643700437,132.6193713168892,127.23883895649146,199.2511055890121,204.63651449273232,"0.488, 0.319","0.497, 0.326","0.471, 0.456","0.492, 0.470","0.365, 0.507","0.355, 0.510","0.413, 0.699","0.409, 0.707","0.509, 0.563","0.525, 0.585","0.396, 0.886","0.374, 0.917","0.570, 0.283",0.509,0.563,0.525,0.585,0.396,0.886,0.374,0.917,Preparation
0.7340674007340674,25.963223354143388,35.56322570656165,153.24264459421948,161.96351454089563,132.51896093488116,127.20398691293396,199.52863313456055,204.5423627838708,"0.488, 0.319","0.497, 0.326","0.471, 0.457","0.492, 0.471","0.365, 0.508","0.355, 0.510","0.413, 0.698","0.409, 0.707","0.508, 0.563","0.525, 0.585","0.396, 0.886","0.374, 0.917","0.571, 0.284",0.508,0.563,0.525,0.585,0.396,0.886,0.374,0.917,Preparation
0.7674341007674341,25.345122451282748,35.92859413959491,152.14780025281,161.66285549875732,132.6440451725784,126.97796757320651,199.5568883967439,205.47948372933345,"0.487, 0.319","0.497, 0.328","0.469, 0.457","0.492, 0.473","0.365, 0.508","0.355, 0.510","0.414, 0.698","0.409, 0.708","0.508, 0.563","0.525, 0.585","0.397, 0.885","0.371, 0.917","0.571, 0.286",0.508,0.563,0.525,0.585,0.397,0.885,0.371,0.917,Preparation
0.8008008008008008,24.34643439011845,36.05569691167567,150.37555377382498,162.01611655745782,132.9519549631368,127.44320884993785,199.3825464160977,205.22226066902525,"0.486, 0.319","0.497, 0.328","0.466, 0.456","0.492, 0.473","0.365, 0.508","0.355, 0.510","0.413, 0.699","0.408, 0.710","0.508, 0.564","0.525, 0.585","0.397, 0.885","0.368, 0.922","0.571, 0.290",0.508,0.564,0.525,0.585,0.397,0.885,0.368,0.922,Preparation
0.8341675008341676,23.994001697796023,36.1952579547416,150.53199909065518,162.07159279532164,133.62700805945522,127.67046705314831,198.9100436527636,205.19948635752164,"0.487, 0.319","0.497, 0.329","0.467, 0.457","0.493, 0.473","0.366, 0.509","0.356, 0.510","0.413, 0.699","0.407, 0.711","0.508, 0.564","0.525, 0.585","0.397, 0.886","0.366, 0.925","0.578, 0.292",0.508,0.564,0.525,0.585,0.397,0.886,0.366,0.925,Preparation
0.8675342008675342,24.138713233516224,36.88197477204776,150.27937392697075,162.40867643440254,133.20491524471393,127.37611962824604,198.86774484503883,205.2560263271715,"0.488, 0.321","0.498, 0.332","0.467, 0.457","0.493, 0.475","0.366, 0.509","0.356, 0.511","0.413, 0.700","0.406, 0.713","0.508, 0.564","0.525, 0.585","0.397, 0.886","0.364, 0.926","0.582, 0.293",0.508,0.564,0.525,0.585,0.397,0.886,0.364,0.926,Preparation
0.9009009009009008,24.848046037815383,37.013289465446185,150.9674438502147,163.14090728018405,133.21320192592944,127.43469242219372,198.3514306973772,205.0910641997916,"0.489, 0.321","0.499, 0.332","0.469, 0.458","0.495, 0.475","0.366, 0.509","0.356, 0.511","0.412, 0.702","0.406, 0.715","0.509, 0.564","0.525, 0.585","0.396, 0.886","0.364, 0.927","0.585, 0.294",0.509,0.564,0.525,0.585,0.396,0.886,0.364,0.927,Preparation
0.9342676009342676,30.29538448504758,36.71980686609691,160.2395813172057,164.48563348023993,133.19907878939398,128.3071132694122,197.0038593023846,204.4360204808062,"0.494, 0.321","0.500, 0.329","0.484, 0.459","0.496, 0.471","0.366, 0.509","0.356, 0.512","0.409, 0.705","0.405, 0.718","0.514, 0.566","0.525, 0.585","0.395, 0.889","0.364, 0.930","0.586, 0.295",0.514,0.566,0.525,0.585,0.395,0.889,0.364,0.93,Preparation
0.9676343009676344,30.634044051998952,35.75364045484707,160.256446166714,165.1803477575318,132.9271561842356,129.4852002562332,196.1587768758808,203.73978369649024,"0.498, 0.321","0.500, 0.323","0.487, 0.460","0.496, 0.466","0.366, 0.509","0.356, 0.512","0.408, 0.706","0.404, 0.719","0.517, 0.567","0.524, 0.584","0.395, 0.889","0.364, 0.932","0.588, 0.295",0.517,0.567,0.524,0.584,0.395,0.889,0.364,0.932,Preparation
1.001001001001001,30.47651408671535,34.72931291026712,159.97464076682675,165.14514356541227,133.0334966399553,130.52310151866743,195.66728152837203,203.21551838194557,"0.501, 0.321","0.501, 0.318","0.489, 0.460","0.495, 0.462","0.367, 0.509","0.356, 0.512","0.408, 0.706","0.402, 0.719","0.518, 0.569","0.523, 0.584","0.395, 0.890","0.363, 0.932","0.589, 0.296",0.518,0.569,0.523,0.584,0.395,0.89,0.363,0.932,Preparation
1.0343677010343677,27.946858517509625,33.47067381589353,156.48002787656588,164.1838333602402,134.1209618191391,131.5289479377666,194.53421556829497,202.3757394044312,"0.505, 0.322","0.501, 0.313","0.486, 0.460","0.494, 0.456","0.371, 0.509","0.356, 0.510","0.408, 0.707","0.401, 0.719","0.518, 0.569","0.523, 0.581","0.395, 0.891","0.362, 0.933","0.589, 0.296",0.518,0.569,0.523,0.581,0.395,0.891,0.362,0.933,Preparation
1.0677344010677343,26.9755652474557,33.208058136862284,154.8797908730754,163.481370929567,134.38681896519748,131.58290866041835,194.40629474633565,201.95122024006687,"0.506, 0.322","0.501, 0.312","0.485, 0.460","0.493, 0.455","0.372, 0.509","0.355, 0.509","0.407, 0.709","0.400, 0.719","0.517, 0.569","0.522, 0.581","0.393, 0.893","0.362, 0.933","0.590, 0.296",0.517,0.569,0.522,0.581,0.393,0.893,0.362,0.933,Preparation
1.1011011011011012,27.153791144735564,33.30220567893672,155.28474566229838,162.94689808171387,134.73047117871425,131.27016148161866,194.3549048205805,201.829395421773,"0.505, 0.322","0.502, 0.313","0.485, 0.459","0.493, 0.456","0.372, 0.509","0.355, 0.509","0.407, 0.709","0.400, 0.719","0.517, 0.569","0.524, 0.584","0.392, 0.894","0.362, 0.933","0.590, 0.296",0.517,0.569,0.524,0.584,0.392,0.894,0.362,0.933,Preparation
1.1344678011344678,26.859785769388555,33.70307121843313,154.75612431953903,162.4913913375426,134.75600061035396,130.99829580171405,194.79724018750304,201.25898150402037,"0.504, 0.322","0.502, 0.315","0.484, 0.459","0.493, 0.460","0.372, 0.510","0.355, 0.509","0.407, 0.709","0.398, 0.718","0.517, 0.568","0.525, 0.585","0.392, 0.895","0.362, 0.933","0.590, 0.297",0.517,0.568,0.525,0.585,0.392,0.895,0.362,0.933,Preparation
1.1678345011678346,26.81184460042912,33.84791350725943,155.01905978098017,162.1611590791209,134.94300562536006,130.8425449845398,195.09685088830275,201.2551505333221,"0.503, 0.322","0.503, 0.316","0.484, 0.459","0.494, 0.461","0.372, 0.510","0.355, 0.509","0.407, 0.708","0.398, 0.718","0.517, 0.569","0.526, 0.588","0.391, 0.896","0.362, 0.933","0.590, 0.297",0.517,0.569,0.526,0.588,0.391,0.896,0.362,0.933,Preparation
1.2012012012012012,26.600844633175555,34.03780862581382,154.80858279005062,161.9347828843245,134.8339442735361,130.68483332022447,195.4294013545749,201.28408529497733,"0.503, 0.322","0.503, 0.317","0.483, 0.459","0.494, 0.462","0.372, 0.511","0.355, 0.510","0.408, 0.708","0.398, 0.718","0.517, 0.569","0.527, 0.590","0.391, 0.896","0.362, 0.933","0.590, 0.297",0.517,0.569,0.527,0.59,0.391,0.896,0.362,0.933,Preparation
1.234567901234568,26.084712317079827,34.60820063314097,154.92650973924478,161.84783983416062,134.95703510652675,130.21354287204537,195.61150823626872,201.39232232559877,"0.503, 0.322","0.503, 0.318","0.483, 0.458","0.495, 0.465","0.373, 0.511","0.354, 0.510","0.409, 0.708","0.398, 0.717","0.516, 0.569","0.528, 0.590","0.392, 0.896","0.362, 0.933","0.590, 0.297",0.516,0.569,0.528,0.59,0.392,0.896,0.362,0.933,Preparation
1.267934601267935,24.40715008597052,34.551946549124544,152.28323147350062,161.5083649453721,135.06269989039012,130.16744030406252,195.57709999316296,201.25136676646105,"0.503, 0.322","0.504, 0.320","0.479, 0.458","0.495, 0.466","0.373, 0.512","0.355, 0.511","0.409, 0.709","0.399, 0.718","0.513, 0.566","0.528, 0.590","0.392, 0.897","0.363, 0.933","0.590, 0.297",0.513,0.566,0.528,0.59,0.392,0.897,0.363,0.933,Preparation
1.3013013013013013,23.54113285088389,34.31376210375135,150.66995061660356,161.20182873809884,135.20885634472958,130.44668089534153,195.5004421114665,201.07649696310528,"0.503, 0.322","0.504, 0.320","0.477, 0.457","0.495, 0.466","0.373, 0.512","0.356, 0.511","0.409, 0.709","0.399, 0.718","0.513, 0.565","0.529, 0.589","0.392, 0.897","0.364, 0.933","0.590, 0.297",0.513,0.565,0.529,0.589,0.392,0.897,0.364,0.933,Preparation
1.334668001334668,22.572310032851792,34.26037825712051,148.8460963960762,161.0711368641883,135.30060131069936,130.58040550197404,195.46270154037583,201.0102869314132,"0.503, 0.322","0.504, 0.321","0.475, 0.457","0.495, 0.466","0.373, 0.512","0.357, 0.511","0.409, 0.709","0.400, 0.718","0.512, 0.564","0.529, 0.588","0.392, 0.897","0.364, 0.932","0.590, 0.297",0.512,0.564,0.529,0.588,0.392,0.897,0.364,0.932,Preparation
1.3680347013680347,23.27024570400991,35.16089677959385,150.0643705619778,161.74370729815573,135.53408222491004,130.20789660884276,195.0758324093714,200.8940144571,"0.503, 0.324","0.504, 0.324","0.477, 0.457","0.497, 0.468","0.374, 0.512","0.357, 0.511","0.410, 0.709","0.400, 0.718","0.513, 0.563","0.530, 0.588","0.393, 0.897","0.365, 0.931","0.591, 0.297",0.513,0.563,0.53,0.588,0.393,0.897,0.365,0.931,Preparation
1.4014014014014016,27.876844174975314,34.99964968031152,158.80595169270524,161.43550312936867,135.82909057407198,130.3780753960368,193.40486907422468,200.113436213604,"0.503, 0.324","0.504, 0.324","0.488, 0.459","0.497, 0.468","0.375, 0.512","0.357, 0.511","0.409, 0.708","0.399, 0.717","0.515, 0.563","0.529, 0.587","0.398, 0.897","0.367, 0.927","0.591, 0.297",0.515,0.563,0.529,0.587,0.398,0.897,0.367,0.927,Preparation
1.4347681014347682,29.34429577160929,34.90911273281025,161.42544870136996,161.3383698774799,136.1389571208825,130.52267131769906,192.33302880835856,199.60115622153464,"0.503, 0.324","0.504, 0.324","0.492, 0.460","0.496, 0.468","0.376, 0.512","0.358, 0.512","0.409, 0.708","0.399, 0.717","0.517, 0.563","0.529, 0.587","0.400, 0.896","0.369, 0.925","0.591, 0.297",0.517,0.563,0.529,0.587,0.4,0.896,0.369,0.925,Preparation
1.4681348014681348,29.48563892757577,34.526985457472634,161.98568137057632,161.49154673932262,136.31827589152775,130.76181457784443,191.6237624868744,199.2058805606226,"0.504, 0.323","0.505, 0.323","0.493, 0.460","0.496, 0.466","0.376, 0.512","0.358, 0.512","0.409, 0.707","0.399, 0.717","0.517, 0.563","0.529, 0.586","0.403, 0.896","0.370, 0.925","0.592, 0.297",0.517,0.563,0.529,0.586,0.403,0.896,0.37,0.925,Preparation
1.5015015015015016,29.740263451648744,34.253929759577474,162.7009192578089,161.5695888514961,136.380224313179,131.47059495365033,191.0190819966796,197.9841838357068,"0.504, 0.323","0.505, 0.321","0.494, 0.460","0.496, 0.464","0.377, 0.512","0.358, 0.511","0.409, 0.705","0.397, 0.715","0.518, 0.563","0.529, 0.586","0.405, 0.896","0.370, 0.924","0.592, 0.297",0.518,0.563,0.529,0.586,0.405,0.896,0.37,0.924,Preparation
1.5348682015348682,29.66552414277792,34.05193303037097,162.72762114978792,161.76278949344692,136.85658780091643,131.87548039492307,190.2256574235713,197.3975522615592,"0.505, 0.323","0.505, 0.319","0.495, 0.460","0.496, 0.463","0.378, 0.512","0.358, 0.511","0.410, 0.704","0.396, 0.715","0.519, 0.563","0.528, 0.585","0.407, 0.896","0.370, 0.924","0.592, 0.297",0.519,0.563,0.528,0.585,0.407,0.896,0.37,0.924,Preparation
1.5682349015682349,29.61837615054927,34.191195986177775,162.51491143536836,161.9819757284406,136.64457750369286,131.76342267081483,190.22543968620943,197.1403198914857,"0.505, 0.323","0.505, 0.319","0.495, 0.460","0.497, 0.463","0.378, 0.512","0.357, 0.510","0.410, 0.702","0.395, 0.713","0.519, 0.562","0.528, 0.585","0.408, 0.896","0.371, 0.924","0.592, 0.297",0.519,0.562,0.528,0.585,0.408,0.896,0.371,0.924,Preparation
1.6016016016016017,29.70585238748065,34.63902838074688,162.03468300348663,162.52400683877545,136.53793734162764,131.53991826449956,190.349350899892,197.00077449329967,"0.506, 0.323","0.505, 0.319","0.496, 0.460","0.497, 0.463","0.378, 0.512","0.357, 0.510","0.410, 0.702","0.395, 0.713","0.521, 0.562","0.528, 0.585","0.408, 0.896","0.371, 0.925","0.591, 0.298",0.521,0.562,0.528,0.585,0.408,0.896,0.371,0.925,Preparation
1.6349683016349683,29.486490302371035,34.75439237112666,161.73775808152575,162.6046070338337,136.49791897496593,131.49095559792607,190.4598350724829,196.896854878811,"0.506, 0.323","0.505, 0.319","0.495, 0.459","0.497, 0.463","0.378, 0.512","0.356, 0.510","0.410, 0.702","0.394, 0.713","0.521, 0.563","0.528, 0.586","0.407, 0.896","0.371, 0.925","0.591, 0.298",0.521,0.563,0.528,0.586,0.407,0.896,0.371,0.925,Preparation
1.6683350016683351,29.339244330790848,34.87494526319328,161.64589193603896,162.84526998580557,136.5110747626797,131.49862301900896,190.51783740617464,196.8220988464352,"0.506, 0.323","0.505, 0.319","0.495, 0.459","0.498, 0.463","0.378, 0.512","0.356, 0.510","0.410, 0.703","0.394, 0.714","0.520, 0.564","0.528, 0.586","0.407, 0.896","0.371, 0.925","0.591, 0.298",0.52,0.564,0.528,0.586,0.407,0.896,0.371,0.925,Preparation
1.7017017017017018,29.10885833360321,35.27855781461037,161.163289302132,163.5483579825336,136.61083856139172,131.4044597747214,190.359961553118,196.5057747361608,"0.506, 0.322","0.505, 0.319","0.494, 0.459","0.499, 0.463","0.378, 0.512","0.356, 0.510","0.410, 0.703","0.394, 0.714","0.520, 0.564","0.528, 0.586","0.406, 0.896","0.372, 0.926","0.591, 0.298",0.52,0.564,0.528,0.586,0.406,0.896,0.372,0.926,Preparation
1.7350684017350684,29.1615110900384,35.6797493031995,161.52258781555798,164.33843014990643,136.43675809249157,131.3362424277293,190.3354610341543,195.98965474289795,"0.506, 0.322","0.506, 0.320","0.494, 0.459","0.500, 0.463","0.377, 0.512","0.356, 0.510","0.409, 0.703","0.394, 0.714","0.519, 0.564","0.528, 0.586","0.406, 0.896","0.374, 0.927","0.591, 0.298",0.519,0.564,0.528,0.586,0.406,0.896,0.374,0.927,Preparation
1.7684351017684352,29.409598796392437,35.76897723317616,161.60631821818728,164.68187725298046,136.22187361248703,131.2840972764867,190.1514840513315,195.95981518312163,"0.506, 0.322","0.506, 0.320","0.494, 0.459","0.500, 0.463","0.376, 0.512","0.357, 0.510","0.408, 0.704","0.395, 0.715","0.519, 0.564","0.528, 0.586","0.406, 0.897","0.375, 0.927","0.591, 0.298",0.519,0.564,0.528,0.586,0.406,0.897,0.375,0.927,Preparation
1.8018018018018016,29.57603428167125,35.800766111343755,161.5721899855268,164.74429055571852,135.99535483711816,131.09592731646262,189.99287329957724,196.05043080556155,"0.505, 0.321","0.506, 0.320","0.494, 0.459","0.500, 0.463","0.375, 0.511","0.357, 0.510","0.407, 0.704","0.396, 0.715","0.519, 0.565","0.528, 0.586","0.406, 0.897","0.376, 0.928","0.591, 0.298",0.519,0.565,0.528,0.586,0.406,0.897,0.376,0.928,Preparation
1.8351685018351689,29.04295376446949,35.895945855392185,161.2653641442723,165.38281811258935,136.09704996975853,131.6820553318717,190.08496553017915,195.6083801802026,"0.505, 0.320","0.506, 0.320","0.492, 0.458","0.501, 0.463","0.375, 0.511","0.359, 0.509","0.407, 0.704","0.396, 0.715","0.518, 0.565","0.528, 0.586","0.405, 0.897","0.377, 0.928","0.591, 0.298",0.518,0.565,0.528,0.586,0.405,0.897,0.377,0.928,Preparation
1.8685352018685355,28.19664216152716,36.21335632148385,160.13479353099362,166.5149702670115,136.65838839061098,132.41249569443391,190.11710910805027,195.09602948618183,"0.504, 0.319","0.507, 0.320","0.490, 0.458","0.503, 0.464","0.375, 0.511","0.360, 0.509","0.407, 0.704","0.396, 0.716","0.517, 0.565","0.529, 0.586","0.405, 0.897","0.376, 0.928","0.591, 0.298",0.517,0.565,0.529,0.586,0.405,0.897,0.376,0.928,Preparation
1.901901901901902,27.69587482205161,36.345574971490194,159.4292791772414,166.86729116539337,136.9445364555757,132.66034872696065,190.1851883511291,194.8961412400188,"0.503, 0.318","0.507, 0.320","0.489, 0.458","0.504, 0.464","0.375, 0.510","0.361, 0.509","0.407, 0.705","0.396, 0.716","0.516, 0.565","0.529, 0.587","0.404, 0.897","0.376, 0.929","0.591, 0.298",0.516,0.565,0.529,0.587,0.404,0.897,0.376,0.929,Preparation
1.9352686019352687,26.755159481464982,36.40769559731751,158.73656671293574,166.92506785527183,137.9800859902362,132.64828531504574,189.5093580720014,194.938620753542,"0.504, 0.319","0.507, 0.320","0.488, 0.458","0.504, 0.464","0.378, 0.511","0.361, 0.509","0.408, 0.705","0.396, 0.716","0.516, 0.565","0.529, 0.587","0.405, 0.897","0.376, 0.929","0.591, 0.298",0.516,0.565,0.529,0.587,0.405,0.897,0.376,0.929,Preparation
1.9686353019686356,25.25283914163477,36.24079985232907,156.55467738584636,166.7517947210483,138.7051276600676,132.7209429579736,189.2147508150831,194.93832008612117,"0.504, 0.320","0.507, 0.320","0.486, 0.458","0.503, 0.464","0.380, 0.512","0.361, 0.509","0.408, 0.705","0.396, 0.716","0.516, 0.565","0.529, 0.587","0.406, 0.897","0.376, 0.929","0.591, 0.298",0.516,0.565,0.529,0.587,0.406,0.897,0.376,0.929,Preparation
2.002002002002002,24.715530979061583,35.89501797725049,155.51957512774547,167.0036870007867,139.03036256004197,133.40801406714684,188.9351915698343,194.66199633936404,"0.505, 0.320","0.507, 0.320","0.485, 0.455","0.503, 0.462","0.381, 0.512","0.362, 0.510","0.408, 0.705","0.396, 0.716","0.517, 0.564","0.529, 0.587","0.406, 0.896","0.376, 0.929","0.591, 0.297",0.517,0.564,0.529,0.587,0.406,0.896,0.376,0.929,Preparation
2.035368702035369,24.51402367186468,35.69074429258446,155.0465668463736,167.03931987780987,139.01593512929364,133.6276125038008,188.89276774852107,194.7000861113891,"0.505, 0.320","0.507, 0.320","0.485, 0.454","0.503, 0.461","0.381, 0.512","0.363, 0.510","0.408, 0.705","0.397, 0.716","0.518, 0.564","0.529, 0.586","0.406, 0.896","0.376, 0.929","0.591, 0.296",0.518,0.564,0.529,0.586,0.406,0.896,0.376,0.929,Preparation
2.0687354020687354,24.849548509151287,35.62914405655459,155.28132053415524,167.29197739983329,138.83359297862663,133.73477585012878,188.82316983446557,195.1392363503776,"0.506, 0.321","0.506, 0.320","0.487, 0.454","0.503, 0.459","0.381, 0.512","0.363, 0.510","0.408, 0.705","0.397, 0.716","0.519, 0.564","0.529, 0.586","0.406, 0.896","0.375, 0.929","0.591, 0.296",0.519,0.564,0.529,0.586,0.406,0.896,0.375,0.929,Preparation
2.1021021021021022,26.03625029055711,36.01541711635449,156.7472382625796,167.9640948965482,138.83190509433948,133.95166307464564,188.80660181077096,195.35647644817087,"0.506, 0.323","0.505, 0.320","0.490, 0.455","0.503, 0.460","0.382, 0.513","0.363, 0.511","0.409, 0.706","0.397, 0.716","0.521, 0.566","0.529, 0.587","0.406, 0.896","0.374, 0.930","0.591, 0.296",0.521,0.566,0.529,0.587,0.406,0.896,0.374,0.93,Preparation
2.135468802135469,25.98530769339496,36.096204651194256,156.38935967992796,168.237636237699,138.94224074847943,134.11276457086473,188.8224254106835,195.49872952134467,"0.506, 0.324","0.504, 0.320","0.490, 0.455","0.503, 0.460","0.382, 0.513","0.363, 0.512","0.409, 0.706","0.397, 0.716","0.522, 0.567","0.529, 0.587","0.406, 0.896","0.374, 0.930","0.591, 0.295",0.522,0.567,0.529,0.587,0.406,0.896,0.374,0.93,Preparation
2.1688355021688355,26.411781423828334,35.82345876459926,157.6478306547715,168.6227661302293,139.2060433576305,134.49850018681485,188.68444022763435,195.54836146508052,"0.506, 0.324","0.504, 0.318","0.491, 0.455","0.503, 0.458","0.383, 0.513","0.363, 0.512","0.409, 0.706","0.397, 0.716","0.522, 0.567","0.529, 0.587","0.406, 0.896","0.374, 0.930","0.591, 0.295",0.522,0.567,0.529,0.587,0.406,0.896,0.374,0.93,Preparation
2.2022022022022023,26.7383554734606,35.37500070098541,158.47691911908063,169.0187181968634,139.2911384936156,134.95647564665236,188.562969778002,195.73267709732409,"0.506, 0.324","0.504, 0.315","0.492, 0.455","0.503, 0.456","0.383, 0.513","0.363, 0.512","0.409, 0.708","0.397, 0.717","0.522, 0.567","0.528, 0.586","0.406, 0.895","0.374, 0.930","0.591, 0.295",0.522,0.567,0.528,0.586,0.406,0.895,0.374,0.93,Preparation
2.235568902235569,26.785893883979533,34.98867060075164,158.81695793205736,169.29671317451454,139.4521690048799,135.11741261251137,188.47204862363876,196.2637165718291,"0.506, 0.324","0.504, 0.312","0.492, 0.456","0.503, 0.455","0.383, 0.514","0.363, 0.512","0.409, 0.710","0.398, 0.718","0.522, 0.568","0.527, 0.585","0.406, 0.895","0.373, 0.930","0.591, 0.295",0.522,0.568,0.527,0.585,0.406,0.895,0.373,0.93,Preparation
2.2689356022689355,26.85055984812416,34.96745167443355,159.11192348056912,169.59760264041978,139.81600329408556,135.43093622889396,188.1623068846464,196.3883907759818,"0.506, 0.324","0.504, 0.312","0.492, 0.456","0.504, 0.455","0.383, 0.514","0.363, 0.512","0.408, 0.713","0.398, 0.721","0.522, 0.569","0.527, 0.585","0.406, 0.895","0.372, 0.931","0.591, 0.295",0.522,0.569,0.527,0.585,0.406,0.895,0.372,0.931,Preparation
2.3023023023023024,26.7092848209104,35.06508911556871,159.17143638923562,169.8229939209809,140.37951315448993,135.47077532970522,188.11668880643205,196.48373490612263,"0.504, 0.323","0.504, 0.312","0.491, 0.456","0.504, 0.455","0.383, 0.515","0.363, 0.513","0.408, 0.713","0.398, 0.721","0.522, 0.569","0.528, 0.585","0.406, 0.895","0.372, 0.931","0.590, 0.295",0.522,0.569,0.528,0.585,0.406,0.895,0.372,0.931,Preparation
2.335669002335669,26.60517886167412,35.148113731827905,159.1135334737596,169.94763354715204,140.64979534888835,135.42771829868192,188.1668291314191,196.5916872413581,"0.503, 0.323","0.504, 0.311","0.491, 0.456","0.504, 0.455","0.383, 0.515","0.363, 0.513","0.408, 0.714","0.398, 0.722","0.522, 0.569","0.528, 0.584","0.406, 0.895","0.372, 0.932","0.590, 0.295",0.522,0.569,0.528,0.584,0.406,0.895,0.372,0.932,Preparation
2.369035702369036,26.4448367090554,35.176745130315,158.9504984347304,170.00505533961655,140.84649719276277,135.40952095166477,188.18410348111664,196.67060053175496,"0.502, 0.323","0.504, 0.311","0.490, 0.456","0.505, 0.455","0.383, 0.516","0.363, 0.513","0.408, 0.713","0.398, 0.722","0.522, 0.569","0.528, 0.583","0.406, 0.895","0.372, 0.932","0.590, 0.295",0.522,0.569,0.528,0.583,0.406,0.895,0.372,0.932,Preparation
2.4024024024024024,26.03649381877846,35.12115066409322,158.35033641275,169.72876266398205,141.04043450361792,135.4115152629815,188.17792343546725,196.77724613990225,"0.502, 0.323","0.504, 0.311","0.489, 0.456","0.505, 0.455","0.383, 0.516","0.363, 0.514","0.408, 0.714","0.398, 0.722","0.522, 0.569","0.528, 0.582","0.406, 0.895","0.372, 0.931","0.590, 0.295",0.522,0.569,0.528,0.582,0.406,0.895,0.372,0.931,Preparation
2.4357691024357693,25.84968314145007,35.0906683971232,158.0035081550999,169.4771389483679,141.13453413784404,135.4013951134878,188.2371562683311,196.75471289818853,"0.502, 0.323","0.505, 0.311","0.489, 0.456","0.505, 0.455","0.383, 0.516","0.363, 0.514","0.408, 0.714","0.398, 0.722","0.522, 0.569","0.528, 0.581","0.405, 0.895","0.372, 0.931","0.590, 0.295",0.522,0.569,0.528,0.581,0.405,0.895,0.372,0.931,Preparation
2.469135802469136,24.07264197867441,34.83728816657198,154.39634728944483,168.90708830363613,141.1812536796368,135.30360746043354,188.2472747413236,196.8176459952588,"0.502, 0.322","0.505, 0.310","0.485, 0.454","0.504, 0.452","0.383, 0.516","0.363, 0.514","0.408, 0.714","0.398, 0.722","0.522, 0.567","0.528, 0.576","0.406, 0.894","0.372, 0.931","0.591, 0.295",0.522,0.567,0.528,0.576,0.406,0.894,0.372,0.931,Preparation
2.5025025025025025,24.207418554588447,34.74623217473886,154.2490508797123,168.70631317997436,141.12953433278494,135.2755160427251,188.31421726225503,196.7689891249984,"0.502, 0.322","0.505, 0.310","0.485, 0.455","0.504, 0.452","0.383, 0.516","0.363, 0.514","0.408, 0.714","0.398, 0.722","0.522, 0.567","0.528, 0.576","0.405, 0.894","0.373, 0.931","0.591, 0.295",0.522,0.567,0.528,0.576,0.405,0.894,0.373,0.931,Preparation
2.5358692025358693,24.46378004773942,34.836530950076,154.08276578144617,168.6337664309942,140.8190543181279,135.07941355842453,188.4837099884558,196.81083149362692,"0.502, 0.323","0.505, 0.310","0.485, 0.456","0.504, 0.452","0.382, 0.516","0.362, 0.513","0.408, 0.714","0.398, 0.722","0.523, 0.567","0.529, 0.576","0.405, 0.894","0.373, 0.931","0.591, 0.295",0.523,0.567,0.529,0.576,0.405,0.894,0.373,0.931,Preparation
2.569235902569236,25.037719406545936,34.950176891598,154.58168059146794,168.57090886166597,140.61998163445105,134.9132742475339,188.67722729769025,196.8679528590392,"0.501, 0.324","0.505, 0.310","0.485, 0.457","0.504, 0.452","0.382, 0.516","0.362, 0.513","0.408, 0.714","0.399, 0.722","0.523, 0.568","0.529, 0.576","0.405, 0.894","0.373, 0.931","0.590, 0.295",0.523,0.568,0.529,0.576,0.405,0.894,0.373,0.931,Preparation
2.6026026026026026,25.680897382604293,35.11685263077647,155.2066863431282,168.56778433990897,140.38507966140526,134.7291942134714,188.7148573239966,196.95890935186983,"0.501, 0.325","0.505, 0.310","0.486, 0.458","0.504, 0.452","0.382, 0.516","0.361, 0.513","0.408, 0.714","0.399, 0.722","0.523, 0.568","0.529, 0.577","0.405, 0.894","0.373, 0.930","0.590, 0.295",0.523,0.568,0.529,0.577,0.405,0.894,0.373,0.93,Preparation
2.6359693026359694,26.073845312901003,35.212166021429574,155.69089701394043,168.50949795517133,140.3190184939966,134.6140331171339,188.8362971213804,197.0177323833157,"0.500, 0.326","0.505, 0.310","0.487, 0.458","0.504, 0.453","0.382, 0.516","0.361, 0.513","0.409, 0.714","0.399, 0.722","0.523, 0.568","0.529, 0.577","0.405, 0.894","0.373, 0.930","0.590, 0.295",0.523,0.568,0.529,0.577,0.405,0.894,0.373,0.93,Preparation
2.669336002669336,26.685299573227685,35.271270886824816,156.72436240963563,168.50837953914987,140.25910148152664,134.50444050069072,188.8653180708612,197.0953731543718,"0.500, 0.326","0.505, 0.310","0.488, 0.459","0.504, 0.453","0.382, 0.516","0.361, 0.513","0.409, 0.714","0.399, 0.722","0.524, 0.569","0.530, 0.577","0.405, 0.895","0.373, 0.930","0.589, 0.295",0.524,0.569,0.53,0.577,0.405,0.895,0.373,0.93,Preparation
2.702702702702702,26.980332449989945,35.31875247816576,156.85667568017,168.32037496782507,140.1785703649877,134.34381388020986,188.84676002147427,197.1679680584737,"0.500, 0.326","0.504, 0.311","0.489, 0.459","0.504, 0.453","0.382, 0.516","0.361, 0.513","0.409, 0.714","0.398, 0.722","0.525, 0.568","0.530, 0.577","0.406, 0.895","0.373, 0.930","0.589, 0.295",0.525,0.568,0.53,0.577,0.406,0.895,0.373,0.93,Preparation
2.736069402736069,27.07329887115337,35.34192935539263,156.7489907446237,168.15826134662407,140.127529911803,134.22807121708763,188.7865744658616,197.20857432611388,"0.500, 0.326","0.504, 0.311","0.489, 0.459","0.504, 0.453","0.382, 0.516","0.360, 0.513","0.409, 0.714","0.398, 0.722","0.525, 0.568","0.530, 0.577","0.406, 0.895","0.373, 0.930","0.588, 0.295",0.525,0.568,0.53,0.577,0.406,0.895,0.373,0.93,Preparation
2.7694361027694363,27.778723787739484,35.87438353849065,157.95171788807883,168.7239837093507,139.84642547532366,134.48271623144075,189.29956455997257,196.7076442040484,"0.500, 0.326","0.503, 0.311","0.491, 0.459","0.504, 0.452","0.382, 0.516","0.359, 0.512","0.410, 0.713","0.396, 0.721","0.526, 0.568","0.530, 0.577","0.407, 0.895","0.372, 0.930","0.587, 0.295",0.526,0.568,0.53,0.577,0.407,0.895,0.372,0.93,Preparation
2.802802802802803,28.153548297954785,36.20772624663693,158.57867085286335,169.02921862560572,139.682486499515,134.57056587874928,189.57521250147263,196.4615648369633,"0.501, 0.327","0.502, 0.311","0.492, 0.459","0.504, 0.452","0.382, 0.516","0.359, 0.512","0.411, 0.713","0.396, 0.720","0.526, 0.568","0.530, 0.577","0.407, 0.895","0.372, 0.930","0.587, 0.295",0.526,0.568,0.53,0.577,0.407,0.895,0.372,0.93,Preparation
2.836169502836169,28.315988875540132,36.28617141654734,158.50042426245176,169.100473557463,139.38851006373363,134.7662780342907,189.8003355180732,195.86801542298184,"0.501, 0.327","0.502, 0.311","0.492, 0.458","0.504, 0.452","0.382, 0.516","0.359, 0.512","0.411, 0.711","0.394, 0.720","0.527, 0.568","0.530, 0.577","0.407, 0.895","0.372, 0.930","0.587, 0.295",0.527,0.568,0.53,0.577,0.407,0.895,0.372,0.93,Preparation
2.8695362028695364,28.443254185392018,36.34883785485057,158.52752627333228,169.14624867444223,139.16170469366855,134.8037576350935,189.9487373006123,195.60862257993557,"0.500, 0.326","0.502, 0.311","0.492, 0.458","0.504, 0.452","0.381, 0.515","0.359, 0.512","0.411, 0.711","0.394, 0.719","0.527, 0.568","0.530, 0.577","0.407, 0.896","0.372, 0.930","0.587, 0.295",0.527,0.568,0.53,0.577,0.407,0.896,0.372,0.93,Preparation
2.902902902902903,28.52228868644998,36.41787408658436,158.607873671675,169.24987190177424,139.08593401100222,134.88296297369715,190.0897090239516,195.44092720720647,"0.500, 0.326","0.502, 0.311","0.492, 0.458","0.504, 0.451","0.381, 0.515","0.359, 0.511","0.411, 0.711","0.394, 0.719","0.527, 0.568","0.530, 0.577","0.406, 0.896","0.372, 0.930","0.587, 0.295",0.527,0.568,0.53,0.577,0.406,0.896,0.372,0.93,Preparation
2.9362696029362696,28.40153875708257,36.37128995028949,158.37218131567474,169.03747226523382,138.98407383298246,134.89464613032936,190.0953655105885,195.33797385169075,"0.501, 0.326","0.502, 0.311","0.492, 0.457","0.504, 0.451","0.381, 0.515","0.359, 0.511","0.411, 0.710","0.393, 0.719","0.527, 0.568","0.530, 0.577","0.406, 0.896","0.372, 0.931","0.587, 0.295",0.527,0.568,0.53,0.577,0.406,0.896,0.372,0.931,Preparation
2.9696363029696364,28.315883005968352,36.27988225910802,158.12642757603098,168.72570788928596,138.89058241802343,134.89018864368978,190.10192965254012,195.2405299776661,"0.502, 0.326","0.501, 0.311","0.492, 0.457","0.503, 0.451","0.381, 0.515","0.358, 0.511","0.411, 0.710","0.393, 0.719","0.527, 0.568","0.530, 0.577","0.406, 0.896","0.372, 0.931","0.588, 0.295",0.527,0.568,0.53,0.577,0.406,0.896,0.372,0.931,Preparation
3.0030030030030037,28.28545716990804,36.430866550581385,158.01544977598277,168.75162384066942,138.76666211393123,134.91924222047066,190.2065508466182,194.97756095717384,"0.502, 0.326","0.501, 0.311","0.492, 0.457","0.503, 0.451","0.381, 0.515","0.358, 0.510","0.411, 0.710","0.393, 0.719","0.527, 0.568","0.530, 0.577","0.406, 0.896","0.372, 0.930","0.588, 0.295",0.527,0.568,0.53,0.577,0.406,0.896,0.372,0.93,Preparation
3.0363697030363697,28.330772352560665,36.59421520856664,158.23602097973847,168.6193853069921,138.70747083797335,134.76217869080878,190.080745836822,194.92224111528796,"0.503, 0.326","0.501, 0.311","0.493, 0.457","0.503, 0.451","0.382, 0.515","0.358, 0.509","0.411, 0.710","0.393, 0.719","0.527, 0.568","0.530, 0.577","0.406, 0.896","0.372, 0.929","0.588, 0.295",0.527,0.568,0.53,0.577,0.406,0.896,0.372,0.929,Preparation
3.0697364030697365,28.979440320759338,36.65794599181379,160.026155210637,168.71808689212645,139.00044912453038,134.7726671161656,189.7713433783179,194.8619415437004,"0.504, 0.326","0.501, 0.311","0.495, 0.458","0.503, 0.451","0.383, 0.515","0.358, 0.509","0.411, 0.710","0.392, 0.718","0.527, 0.568","0.530, 0.577","0.406, 0.896","0.372, 0.929","0.588, 0.295",0.527,0.568,0.53,0.577,0.406,0.896,0.372,0.929,Preparation
3.1031031031031038,29.613860351637253,36.680723057399504,161.8336055261048,168.75381927205711,139.44393537684542,134.8838862539204,189.0339512384784,194.6254042057452,"0.505, 0.326","0.501, 0.311","0.498, 0.458","0.503, 0.451","0.384, 0.515","0.358, 0.509","0.411, 0.710","0.392, 0.717","0.528, 0.569","0.530, 0.578","0.407, 0.896","0.372, 0.928","0.588, 0.294",0.528,0.569,0.53,0.578,0.407,0.896,0.372,0.928,Preparation
3.1364698031364697,29.775388656485443,36.8838094524705,162.45169104404837,169.24554072909177,139.67517912415636,134.95868731469267,188.7353621552737,194.35510714856767,"0.506, 0.326","0.501, 0.311","0.499, 0.458","0.503, 0.452","0.385, 0.515","0.358, 0.509","0.411, 0.710","0.392, 0.717","0.528, 0.569","0.530, 0.578","0.407, 0.896","0.373, 0.928","0.588, 0.294",0.528,0.569,0.53,0.578,0.407,0.896,0.373,0.928,Preparation
3.169836503169837,29.695168774398017,37.01910640745495,162.60798963084395,169.57872010386748,140.0355112680143,135.07057969899242,188.3806855586201,194.1284479133384,"0.506, 0.326","0.501, 0.311","0.499, 0.458","0.504, 0.452","0.385, 0.515","0.358, 0.509","0.411, 0.710","0.391, 0.717","0.528, 0.569","0.530, 0.578","0.407, 0.896","0.373, 0.928","0.588, 0.294",0.528,0.569,0.53,0.578,0.407,0.896,0.373,0.928,Preparation
3.2032032032032034,29.653567412275702,37.22623632873972,162.78157566811524,169.9840295432525,140.28638163301892,135.14510754875178,188.2229361171468,193.96631443054076,"0.506, 0.326","0.501, 0.311","0.500, 0.458","0.504, 0.452","0.386, 0.515","0.358, 0.509","0.410, 0.710","0.391, 0.716","0.528, 0.569","0.530, 0.578","0.407, 0.896","0.373, 0.928","0.589, 0.294",0.528,0.569,0.53,0.578,0.407,0.896,0.373,0.928,Preparation
3.2365699032365702,29.333309251149394,37.10267298205059,162.6596674738946,169.80762993449397,140.64971572687014,135.44688345587073,188.48011574069648,194.2866743166336,"0.506, 0.325","0.501, 0.311","0.500, 0.458","0.504, 0.452","0.386, 0.515","0.359, 0.510","0.410, 0.709","0.391, 0.716","0.528, 0.569","0.531, 0.578","0.406, 0.895","0.372, 0.925","0.589, 0.293",0.528,0.569,0.531,0.578,0.406,0.895,0.372,0.925,Preparation
3.2699366032699366,28.794529513954156,36.94708030717655,161.89953811526686,169.6833588406221,140.88728752108207,135.66303698660457,188.3929029936744,194.3546593662082,"0.507, 0.325","0.501, 0.311","0.499, 0.458","0.505, 0.452","0.387, 0.515","0.359, 0.510","0.410, 0.708","0.391, 0.715","0.528, 0.569","0.531, 0.578","0.406, 0.895","0.372, 0.922","0.589, 0.293",0.528,0.569,0.531,0.578,0.406,0.895,0.372,0.922,Preparation
3.3033033033033035,28.507564509707876,36.8769306687614,161.66687285487615,169.5963023360651,141.01228542836222,135.6278591667101,188.2524050520177,194.19242033680493,"0.507, 0.324","0.501, 0.310","0.499, 0.458","0.505, 0.452","0.387, 0.515","0.359, 0.510","0.411, 0.707","0.391, 0.714","0.528, 0.569","0.531, 0.578","0.407, 0.895","0.373, 0.920","0.590, 0.293",0.528,0.569,0.531,0.578,0.407,0.895,0.373,0.92,Preparation
3.3366700033366703,28.29824011437153,36.89058334238013,161.55439903934368,169.5538778006727,141.04601810626875,135.69292650225475,188.5833016509576,194.3267220918601,"0.507, 0.324","0.501, 0.310","0.499, 0.458","0.505, 0.452","0.388, 0.516","0.359, 0.510","0.412, 0.707","0.392, 0.714","0.528, 0.569","0.532, 0.578","0.407, 0.895","0.373, 0.918","0.590, 0.293",0.528,0.569,0.532,0.578,0.407,0.895,0.373,0.918,Preparation
3.3700367033700367,28.399354138041,36.97840959580613,161.88057263076192,169.893521283538,141.14245087872467,135.9900818113613,188.5405755397415,194.5059565903442,"0.508, 0.325","0.500, 0.309","0.500, 0.458","0.505, 0.452","0.389, 0.516","0.359, 0.510","0.412, 0.707","0.392, 0.713","0.529, 0.569","0.532, 0.578","0.407, 0.895","0.372, 0.917","0.588, 0.292",0.529,0.569,0.532,0.578,0.407,0.895,0.372,0.917,Preparation
3.4034034034034035,28.252777157002747,37.326800888983215,162.12595687231692,170.6659644228874,141.1630160589141,136.2792673452559,189.12366395663523,194.71842077792527,"0.510, 0.327","0.498, 0.309","0.501, 0.458","0.505, 0.452","0.391, 0.516","0.359, 0.510","0.414, 0.707","0.392, 0.713","0.529, 0.569","0.532, 0.578","0.407, 0.895","0.372, 0.916","0.587, 0.292",0.529,0.569,0.532,0.578,0.407,0.895,0.372,0.916,Preparation
3.4367701034367704,28.26059132954661,37.3925213776877,162.32678947706154,170.93766491216482,140.99973209169457,136.44252908955204,189.53101715227052,194.94465534546808,"0.510, 0.328","0.497, 0.308","0.502, 0.458","0.505, 0.452","0.392, 0.517","0.359, 0.510","0.415, 0.707","0.392, 0.713","0.529, 0.569","0.532, 0.577","0.407, 0.895","0.371, 0.915","0.586, 0.291",0.529,0.569,0.532,0.577,0.407,0.895,0.371,0.915,Preparation
3.4701368034701368,28.503554294244797,37.1866791763442,162.75842509119252,171.10454959252394,140.89796651370892,136.71661356258213,189.4924925550224,195.0869440438212,"0.511, 0.328","0.497, 0.306","0.503, 0.458","0.505, 0.451","0.392, 0.517","0.359, 0.510","0.415, 0.707","0.392, 0.713","0.529, 0.569","0.532, 0.577","0.407, 0.895","0.371, 0.914","0.586, 0.291",0.529,0.569,0.532,0.577,0.407,0.895,0.371,0.914,Preparation
3.503503503503504,28.429453060282214,37.17358944895685,162.68727025786634,171.07534236127046,140.92724633099573,136.61899053966718,189.4176707118295,195.2010777997195,"0.511, 0.328","0.497, 0.306","0.502, 0.457","0.505, 0.451","0.392, 0.517","0.359, 0.510","0.415, 0.707","0.392, 0.712","0.529, 0.569","0.532, 0.577","0.407, 0.894","0.371, 0.914","0.585, 0.290",0.529,0.569,0.532,0.577,0.407,0.894,0.371,0.914,Preparation
3.5368702035368704,28.31981891552577,37.21842018075003,162.46347952610685,170.9902638875189,140.9275902358836,136.40054169772375,189.2936275592532,195.34096698156435,"0.511, 0.328","0.497, 0.306","0.502, 0.457","0.505, 0.451","0.392, 0.517","0.359, 0.510","0.415, 0.707","0.392, 0.712","0.529, 0.569","0.532, 0.577","0.408, 0.894","0.371, 0.915","0.584, 0.289",0.529,0.569,0.532,0.577,0.408,0.894,0.371,0.915,Preparation
3.5702369035702373,27.431689979296387,37.298534751986175,160.89894817799455,170.65872358159618,141.40346223785403,136.21621974363788,189.30509238641096,195.6881348913516,"0.509, 0.326","0.497, 0.308","0.499, 0.456","0.505, 0.455","0.392, 0.517","0.359, 0.510","0.415, 0.707","0.392, 0.713","0.529, 0.568","0.532, 0.578","0.408, 0.894","0.370, 0.915","0.584, 0.289",0.529,0.568,0.532,0.578,0.408,0.894,0.37,0.915,Preparation
3.603603603603604,25.85111188286016,37.4364228669461,158.6202704848558,170.32624413496572,142.09584397934736,135.8774269124976,189.21460567381945,195.62178942625985,"0.507, 0.323","0.498, 0.310","0.496, 0.454","0.505, 0.456","0.392, 0.517","0.359, 0.510","0.415, 0.707","0.392, 0.713","0.529, 0.567","0.532, 0.578","0.408, 0.894","0.370, 0.914","0.584, 0.289",0.529,0.567,0.532,0.578,0.408,0.894,0.37,0.914,Preparation
3.6369703036369705,25.574365913635344,37.55177242353781,158.21159805940636,170.22971410055695,142.4423026351053,135.71919691619172,189.19092813012844,195.5434800952718,"0.505, 0.322","0.498, 0.311","0.494, 0.453","0.505, 0.456","0.391, 0.517","0.359, 0.511","0.415, 0.707","0.392, 0.713","0.529, 0.566","0.532, 0.578","0.408, 0.893","0.370, 0.914","0.584, 0.289",0.529,0.566,0.532,0.578,0.408,0.893,0.37,0.914,Preparation
3.670337003670337,25.69151922017597,37.5691611457068,158.29140193407684,170.1224322520549,142.61451486608505,135.76776238495646,188.82547665335315,195.2157732854776,"0.505, 0.322","0.498, 0.311","0.494, 0.453","0.505, 0.456","0.391, 0.516","0.359, 0.510","0.414, 0.707","0.392, 0.713","0.529, 0.566","0.532, 0.579","0.408, 0.893","0.371, 0.913","0.584, 0.289",0.529,0.566,0.532,0.579,0.408,0.893,0.371,0.913,Preparation
3.703703703703704,26.349865159026265,37.95963801787729,159.0903901320105,170.17958181345,142.69199086306304,135.65156792197251,188.22873627498407,194.68152229073203,"0.503, 0.322","0.498, 0.314","0.494, 0.454","0.505, 0.457","0.389, 0.516","0.359, 0.510","0.413, 0.708","0.391, 0.714","0.529, 0.568","0.532, 0.579","0.408, 0.894","0.371, 0.916","0.584, 0.289",0.529,0.568,0.532,0.579,0.408,0.894,0.371,0.916,Preparation
3.737070403737071,26.65340581093743,38.16291503611515,159.4243423695517,170.20179782950385,142.64594322234842,135.57017306920966,187.9857778937567,194.35845201191816,"0.502, 0.322","0.498, 0.315","0.494, 0.454","0.505, 0.458","0.388, 0.516","0.358, 0.510","0.412, 0.709","0.390, 0.715","0.529, 0.569","0.532, 0.580","0.409, 0.895","0.371, 0.918","0.584, 0.289",0.529,0.569,0.532,0.58,0.409,0.895,0.371,0.918,Preparation
3.770437103770437,26.860128580754203,38.25529736091856,159.6142554837114,170.19673550817117,142.56704424416472,135.52453622859196,187.85173215115023,194.1834048525534,"0.502, 0.321","0.498, 0.315","0.494, 0.455","0.505, 0.458","0.388, 0.516","0.358, 0.511","0.411, 0.709","0.390, 0.716","0.529, 0.570","0.532, 0.580","0.409, 0.895","0.371, 0.919","0.584, 0.289",0.529,0.57,0.532,0.58,0.409,0.895,0.371,0.919,Preparation
3.803803803803804,26.947755674725293,38.26192432929733,160.01109860451083,170.22025937386124,143.4132327584159,135.7584233716817,186.98014250964505,193.71743118238624,"0.500, 0.321","0.499, 0.315","0.493, 0.454","0.505, 0.458","0.388, 0.516","0.358, 0.510","0.410, 0.710","0.389, 0.716","0.528, 0.570","0.532, 0.580","0.409, 0.895","0.371, 0.920","0.585, 0.289",0.528,0.57,0.532,0.58,0.409,0.895,0.371,0.92,Preparation
3.8371705038371706,27.12399543048121,38.27156686894629,159.91134279252174,170.26369099878335,143.2480142887662,135.82907088277102,186.8238000978503,193.64730908816185,"0.500, 0.323","0.498, 0.315","0.493, 0.455","0.505, 0.458","0.388, 0.516","0.358, 0.510","0.410, 0.711","0.389, 0.716","0.529, 0.571","0.532, 0.580","0.409, 0.896","0.371, 0.920","0.586, 0.289",0.529,0.571,0.532,0.58,0.409,0.896,0.371,0.92,Preparation
3.8705372038705375,27.849157983925927,38.36970026332202,160.26935547807668,170.3806279819443,143.21235218397894,136.1774291809958,186.4051258610372,193.42627310483644,"0.501, 0.325","0.497, 0.315","0.495, 0.458","0.505, 0.458","0.388, 0.516","0.358, 0.510","0.410, 0.712","0.389, 0.716","0.530, 0.573","0.532, 0.580","0.409, 0.896","0.371, 0.921","0.586, 0.289",0.53,0.573,0.532,0.58,0.409,0.896,0.371,0.921,Preparation
3.903903903903904,28.77688950122387,38.584584858374726,161.13889014503238,170.6851946138691,143.13562816198535,136.4436267900003,186.25770381852664,193.3414463795807,"0.501, 0.326","0.496, 0.315","0.497, 0.460","0.505, 0.458","0.388, 0.517","0.358, 0.511","0.409, 0.713","0.388, 0.717","0.531, 0.574","0.533, 0.580","0.409, 0.897","0.371, 0.922","0.586, 0.288",0.531,0.574,0.533,0.58,0.409,0.897,0.371,0.922,Preparation
3.937270603937271,29.290937289963757,38.78801962623388,161.88822231595557,170.8392518743891,143.21673515013984,136.52836256702656,185.70053517142583,193.14986369352584,"0.501, 0.327","0.496, 0.315","0.498, 0.461","0.505, 0.458","0.388, 0.517","0.358, 0.511","0.409, 0.714","0.388, 0.717","0.532, 0.574","0.533, 0.580","0.411, 0.897","0.371, 0.922","0.586, 0.288",0.532,0.574,0.533,0.58,0.411,0.897,0.371,0.922,Preparation
3.9706373039706375,29.33043036579122,39.04738833781146,162.20648474011784,171.03407964669668,143.53952071386098,136.3565852191842,184.98744568427685,193.16871037684825,"0.502, 0.327","0.496, 0.315","0.499, 0.461","0.505, 0.458","0.390, 0.517","0.358, 0.510","0.410, 0.713","0.388, 0.716","0.532, 0.574","0.533, 0.580","0.413, 0.898","0.371, 0.923","0.586, 0.288",0.532,0.574,0.533,0.58,0.413,0.898,0.371,0.923,Preparation
4.004004004004004,29.45298448243126,39.21452531913494,162.43254926570452,171.3307433205404,143.4782250698307,136.35642163757913,184.92338803398889,193.239600566634,"0.502, 0.327","0.495, 0.314","0.499, 0.461","0.505, 0.457","0.390, 0.517","0.357, 0.510","0.410, 0.713","0.388, 0.716","0.533, 0.574","0.533, 0.580","0.414, 0.898","0.371, 0.924","0.586, 0.288",0.533,0.574,0.533,0.58,0.414,0.898,0.371,0.924,Preparation
4.037370704037371,29.51552681357294,39.40603456000703,162.6593901654081,171.62540325095023,143.44500070640868,136.343778678282,185.0499843463261,193.3319756789925,"0.502, 0.327","0.495, 0.314","0.500, 0.461","0.505, 0.457","0.390, 0.517","0.357, 0.510","0.411, 0.713","0.388, 0.716","0.533, 0.574","0.533, 0.580","0.414, 0.898","0.371, 0.924","0.586, 0.288",0.533,0.574,0.533,0.58,0.414,0.898,0.371,0.924,Preparation
4.070737404070738,29.359689949115527,40.064735511285406,162.7072089850987,172.22572929116055,143.41364834436925,135.99896034216226,185.5117423956005,193.6604967067527,"0.502, 0.327","0.494, 0.315","0.500, 0.461","0.506, 0.457","0.391, 0.517","0.356, 0.510","0.412, 0.714","0.388, 0.716","0.533, 0.574","0.533, 0.581","0.414, 0.898","0.370, 0.925","0.585, 0.288",0.533,0.574,0.533,0.581,0.414,0.898,0.37,0.925,Preparation
4.104104104104104,28.434849921391567,39.95955278781667,161.6478775468077,172.27334557268924,143.49201246919057,135.94668269912964,185.79719991811487,193.9680240097036,"0.502, 0.325","0.494, 0.315","0.498, 0.459","0.506, 0.457","0.390, 0.517","0.356, 0.511","0.413, 0.713","0.389, 0.716","0.532, 0.574","0.533, 0.580","0.415, 0.898","0.370, 0.925","0.584, 0.288",0.532,0.574,0.533,0.58,0.415,0.898,0.37,0.925,Preparation
4.137470804137471,27.063163998946465,39.6017664076299,159.3293896266561,171.9087551246597,143.42434051596734,135.97954535856962,185.91765038043744,194.1311373763422,"0.501, 0.324","0.494, 0.314","0.495, 0.459","0.505, 0.456","0.390, 0.518","0.356, 0.511","0.414, 0.713","0.389, 0.717","0.532, 0.574","0.533, 0.580","0.416, 0.898","0.370, 0.925","0.583, 0.287",0.532,0.574,0.533,0.58,0.416,0.898,0.37,0.925,Preparation
4.170837504170838,26.25494953323728,39.36540706421251,158.210283092818,171.67127390555186,143.52316695254908,136.0281711997027,185.893984587283,194.21795880874856,"0.501, 0.323","0.494, 0.313","0.493, 0.459","0.505, 0.456","0.390, 0.518","0.356, 0.511","0.414, 0.713","0.389, 0.717","0.531, 0.574","0.533, 0.580","0.417, 0.898","0.370, 0.925","0.582, 0.286",0.531,0.574,0.533,0.58,0.417,0.898,0.37,0.925,Preparation
4.2042042042042045,25.81422994444841,39.15687983866791,157.7638916498685,171.5466117611258,143.7614436870565,136.1439033361448,185.9060218739729,194.31516663794216,"0.500, 0.322","0.494, 0.313","0.492, 0.459","0.505, 0.455","0.390, 0.518","0.356, 0.512","0.414, 0.713","0.389, 0.717","0.530, 0.574","0.533, 0.579","0.417, 0.898","0.370, 0.925","0.582, 0.286",0.53,0.574,0.533,0.579,0.417,0.898,0.37,0.925,Preparation
4.237570904237571,26.252263105878427,38.80874155274493,158.2547450169255,170.98926562704932,143.73822084806645,136.24166512323947,186.164209145833,194.25530586602017,"0.498, 0.322","0.494, 0.313","0.491, 0.458","0.504, 0.455","0.389, 0.518","0.356, 0.513","0.414, 0.713","0.389, 0.718","0.530, 0.573","0.533, 0.579","0.417, 0.898","0.370, 0.925","0.581, 0.285",0.53,0.573,0.533,0.579,0.417,0.898,0.37,0.925,Preparation
4.270937604270938,26.277979196757656,38.45272198157086,158.2019272385389,170.19479478678937,143.64784104437084,136.24034022087096,186.2891683212746,194.33449070951264,"0.497, 0.322","0.493, 0.313","0.491, 0.458","0.503, 0.454","0.389, 0.518","0.356, 0.513","0.414, 0.713","0.389, 0.718","0.530, 0.573","0.533, 0.578","0.417, 0.898","0.370, 0.925","0.580, 0.285",0.53,0.573,0.533,0.578,0.417,0.898,0.37,0.925,Preparation
4.3043043043043046,26.207164359767926,38.4256395712124,157.81751288266767,170.61982953024793,143.39834471110248,136.09300106973555,186.632827212902,194.819867593942,"0.496, 0.322","0.493, 0.313","0.490, 0.458","0.503, 0.454","0.388, 0.518","0.355, 0.515","0.414, 0.713","0.389, 0.718","0.530, 0.572","0.533, 0.579","0.417, 0.899","0.370, 0.925","0.580, 0.285",0.53,0.572,0.533,0.579,0.417,0.899,0.37,0.925,Preparation
4.337671004337671,26.32810650944316,39.38721062276592,158.6214167206031,171.74924726449552,144.41991967341585,136.21676966950218,186.5988649861706,195.12742005087603,"0.492, 0.321","0.490, 0.316","0.489, 0.456","0.503, 0.456","0.388, 0.519","0.355, 0.516","0.414, 0.713","0.390, 0.719","0.530, 0.572","0.533, 0.579","0.418, 0.899","0.371, 0.925","0.579, 0.285",0.53,0.572,0.533,0.579,0.418,0.899,0.371,0.925,Preparation
4.371037704371039,26.262095466848287,39.76909484609088,158.82557007464092,172.39109729373294,144.8724803722545,136.18611723581645,186.5571174043724,195.7869087631593,"0.491, 0.320","0.488, 0.317","0.488, 0.455","0.503, 0.457","0.388, 0.519","0.355, 0.516","0.414, 0.714","0.391, 0.719","0.530, 0.572","0.533, 0.580","0.418, 0.899","0.370, 0.926","0.579, 0.284",0.53,0.572,0.533,0.58,0.418,0.899,0.37,0.926,Preparation
4.404404404404405,26.2145181497018,39.49174050464035,159.19013863099187,171.35177273693745,145.0703982525948,135.91905334097746,186.7494920381876,196.29646891744505,"0.492, 0.321","0.486, 0.316","0.489, 0.455","0.500, 0.457","0.389, 0.519","0.353, 0.515","0.415, 0.713","0.391, 0.719","0.530, 0.571","0.532, 0.580","0.418, 0.899","0.370, 0.926","0.577, 0.284",0.53,0.571,0.532,0.58,0.418,0.899,0.37,0.926,Preparation
4.437771104437771,26.3479730788378,39.29194205988278,159.17834110296764,170.63538196936116,145.25735711951305,135.8369335785804,186.8469916180522,196.53091491424144,"0.491, 0.321","0.484, 0.316","0.489, 0.454","0.499, 0.456","0.389, 0.519","0.353, 0.515","0.415, 0.713","0.391, 0.719","0.530, 0.568","0.532, 0.578","0.417, 0.899","0.370, 0.927","0.577, 0.284",0.53,0.568,0.532,0.578,0.417,0.899,0.37,0.927,Preparation
4.471137804471138,26.37140272320434,39.17782030730376,158.88124193043944,170.49084817234925,145.27786383432655,136.02043741943044,186.9263592512115,196.57268598178905,"0.491, 0.322","0.483, 0.314","0.489, 0.454","0.498, 0.454","0.389, 0.519","0.352, 0.514","0.415, 0.713","0.391, 0.718","0.530, 0.566","0.532, 0.577","0.416, 0.899","0.370, 0.929","0.576, 0.283",0.53,0.566,0.532,0.577,0.416,0.899,0.37,0.929,Preparation
4.504504504504505,26.435160363390683,38.926501670614286,158.90696197901102,170.35802413285916,145.33457523344632,136.1464407963302,186.9007453415889,196.56818628027403,"0.491, 0.322","0.482, 0.312","0.489, 0.453","0.497, 0.452","0.390, 0.519","0.352, 0.514","0.414, 0.713","0.391, 0.718","0.530, 0.564","0.531, 0.576","0.416, 0.900","0.370, 0.930","0.576, 0.283",0.53,0.564,0.531,0.576,0.416,0.9,0.37,0.93,Preparation
4.537871204537871,24.93541264815332,38.12133520980247,157.05086729657882,169.05184025077355,146.37015314381242,136.67840538008414,185.5501392565659,195.68383824097043,"0.491, 0.322","0.480, 0.312","0.486, 0.452","0.493, 0.452","0.390, 0.519","0.351, 0.513","0.412, 0.714","0.390, 0.718","0.527, 0.561","0.529, 0.573","0.415, 0.900","0.371, 0.930","0.572, 0.282",0.527,0.561,0.529,0.573,0.415,0.9,0.371,0.93,Preparation
4.571237904571238,24.65059918155103,37.92993833858751,157.45609536445187,168.3554355954944,147.79796384799133,136.96745590730563,184.0574324768189,194.8694126102376,"0.489, 0.321","0.478, 0.312","0.484, 0.451","0.492, 0.450","0.390, 0.519","0.350, 0.513","0.410, 0.714","0.388, 0.717","0.525, 0.559","0.528, 0.568","0.415, 0.899","0.372, 0.930","0.568, 0.281",0.525,0.559,0.528,0.568,0.415,0.899,0.372,0.93,Preparation
4.604604604604605,24.661788663824822,38.26462700346118,157.6321239542699,168.650411221156,148.24341677694923,137.05292063861663,183.2349139465525,193.93671833918356,"0.488, 0.321","0.477, 0.312","0.484, 0.451","0.492, 0.450","0.390, 0.519","0.350, 0.513","0.408, 0.714","0.388, 0.716","0.525, 0.558","0.528, 0.566","0.415, 0.899","0.376, 0.930","0.567, 0.281",0.525,0.558,0.528,0.566,0.415,0.899,0.376,0.93,Preparation
4.637971304637971,24.533828918755987,38.314801456172006,157.20607721781536,168.24385013032648,148.4367175032363,137.14478826371192,182.896744571503,193.71233462358595,"0.488, 0.321","0.476, 0.312","0.484, 0.451","0.490, 0.449","0.390, 0.519","0.350, 0.513","0.408, 0.714","0.388, 0.716","0.524, 0.557","0.527, 0.564","0.415, 0.899","0.377, 0.930","0.566, 0.281",0.524,0.557,0.527,0.564,0.415,0.899,0.377,0.93,Preparation
4.671338004671338,25.266484580927585,38.5928470150524,157.77265303264338,168.97106445671588,147.65919641035077,137.23078895597797,183.5294783234221,193.5753493845418,"0.486, 0.320","0.475, 0.312","0.484, 0.451","0.491, 0.449","0.388, 0.519","0.349, 0.513","0.408, 0.713","0.388, 0.716","0.524, 0.557","0.527, 0.565","0.415, 0.899","0.378, 0.930","0.565, 0.280",0.524,0.557,0.527,0.565,0.415,0.899,0.378,0.93,Preparation
4.704704704704705,25.795861088430964,39.19131264488255,158.30661466159503,169.82821239748438,147.49780876236784,137.26052550123265,184.0296233886817,193.48105245250125,"0.483, 0.320","0.473, 0.313","0.483, 0.451","0.491, 0.450","0.386, 0.519","0.349, 0.513","0.408, 0.714","0.388, 0.717","0.524, 0.557","0.527, 0.565","0.415, 0.898","0.379, 0.930","0.563, 0.280",0.524,0.557,0.527,0.565,0.415,0.898,0.379,0.93,Preparation
4.738071404738071,25.541847455498207,39.34195270939092,157.6131202160421,169.89611650702793,147.48002515111796,137.10633819265814,184.22382944237535,193.3410472002849,"0.482, 0.320","0.472, 0.313","0.481, 0.451","0.490, 0.450","0.385, 0.519","0.348, 0.514","0.408, 0.715","0.388, 0.717","0.524, 0.557","0.527, 0.565","0.415, 0.897","0.380, 0.930","0.562, 0.279",0.524,0.557,0.527,0.565,0.415,0.897,0.38,0.93,Preparation
4.771438104771439,25.260366442841,38.04160915375678,157.5485861201026,167.9482557760495,147.899211782141,137.432794790595,184.3120163124541,192.912574984774,"0.481, 0.319","0.471, 0.312","0.480, 0.449","0.487, 0.450","0.385, 0.519","0.347, 0.514","0.408, 0.715","0.387, 0.716","0.524, 0.556","0.526, 0.566","0.415, 0.897","0.380, 0.930","0.562, 0.279",0.524,0.556,0.526,0.566,0.415,0.897,0.38,0.93,Preparation
4.804804804804805,24.106720847819403,36.13870118401074,156.43552304332567,164.9382329928744,148.65942094081691,137.76141933292274,183.7476212446145,192.4505262867916,"0.480, 0.315","0.471, 0.309","0.478, 0.447","0.483, 0.447","0.385, 0.519","0.346, 0.514","0.407, 0.715","0.386, 0.716","0.523, 0.554","0.525, 0.564","0.415, 0.897","0.380, 0.930","0.561, 0.279",0.523,0.554,0.525,0.564,0.415,0.897,0.38,0.93,Preparation
4.838171504838172,23.54068549939957,35.50081852941851,156.4298675674015,165.36577284379712,149.17380150528328,138.32821688099762,183.55010204614416,191.9527208753969,"0.479, 0.313","0.471, 0.305","0.476, 0.445","0.482, 0.444","0.384, 0.519","0.346, 0.514","0.406, 0.715","0.385, 0.716","0.522, 0.553","0.524, 0.563","0.415, 0.897","0.380, 0.930","0.559, 0.279",0.522,0.553,0.524,0.563,0.415,0.897,0.38,0.93,Preparation
4.8715382048715385,23.152768262692568,33.738364839065575,155.52837995513462,163.03479783244606,148.36297633028337,139.02023053811135,184.05694822802417,191.8649381135696,"0.479, 0.313","0.469, 0.302","0.475, 0.443","0.478, 0.442","0.383, 0.519","0.346, 0.514","0.406, 0.715","0.384, 0.716","0.520, 0.552","0.522, 0.560","0.414, 0.898","0.380, 0.930","0.559, 0.279",0.52,0.552,0.522,0.56,0.414,0.898,0.38,0.93,Preparation
4.904904904904905,21.97646312292048,32.75250332179729,153.63854023980133,162.09105413323232,147.8997687414688,139.03699193273775,184.36005607488065,192.18157261751145,"0.479, 0.313","0.469, 0.303","0.472, 0.444","0.475, 0.443","0.382, 0.520","0.346, 0.516","0.406, 0.717","0.385, 0.718","0.518, 0.550","0.520, 0.560","0.414, 0.899","0.380, 0.933","0.558, 0.280",0.518,0.55,0.52,0.56,0.414,0.899,0.38,0.933,Preparation
4.938271604938272,20.813141992111127,32.4756785792713,153.89494612342097,164.24805298501855,147.2330472905556,139.18472654347804,184.20748708961884,192.77049100212312,"0.483, 0.315","0.465, 0.302","0.471, 0.444","0.472, 0.443","0.383, 0.521","0.345, 0.515","0.407, 0.718","0.386, 0.718","0.511, 0.547","0.513, 0.563","0.415, 0.900","0.381, 0.936","0.558, 0.281",0.511,0.547,0.513,0.563,0.415,0.9,0.381,0.936,Preparation
4.971638304971639,18.22327467812514,32.78436788853249,151.04742744462985,165.40211726803034,147.08842958854012,138.8685003317067,184.20106566814516,192.55493098207512,"0.483, 0.316","0.465, 0.305","0.466, 0.444","0.473, 0.443","0.382, 0.524","0.344, 0.518","0.407, 0.722","0.386, 0.722","0.505, 0.544","0.512, 0.565","0.416, 0.904","0.382, 0.938","0.559, 0.281",0.505,0.544,0.512,0.565,0.416,0.904,0.382,0.938,Preparation
5.005005005005005,16.984579499891712,26.574150224519837,148.590537012387,153.88602852713507,143.50117161903603,139.4791223577865,184.97744707470548,192.52526188976915,"0.487, 0.328","0.462, 0.305","0.463, 0.444","0.456, 0.443","0.380, 0.524","0.345, 0.517","0.407, 0.721","0.387, 0.722","0.499, 0.544","0.507, 0.558","0.416, 0.904","0.383, 0.938","0.558, 0.281",0.499,0.544,0.507,0.558,0.416,0.904,0.383,0.938,Preparation
5.038371705038372,17.45579978309551,28.260489565955957,149.8667766242272,155.99823716803522,141.4757638885104,138.18699874218248,187.08211595270745,193.23192263350344,"0.489, 0.332","0.462, 0.311","0.464, 0.450","0.459, 0.454","0.380, 0.525","0.344, 0.517","0.411, 0.721","0.388, 0.721","0.497, 0.551","0.504, 0.563","0.417, 0.902","0.384, 0.938","0.559, 0.282",0.497,0.551,0.504,0.563,0.417,0.902,0.384,0.938,Preparation
5.071738405071739,16.88772645266547,25.496305563285013,148.70634350853263,153.7388381827595,139.01642605746116,137.88483377505776,188.9458678885267,194.51150802987576,"0.495, 0.336","0.459, 0.313","0.465, 0.455","0.450, 0.459","0.381, 0.526","0.344, 0.519","0.415, 0.720","0.391, 0.721","0.495, 0.553","0.494, 0.564","0.418, 0.898","0.384, 0.938","0.560, 0.282",0.495,0.553,0.494,0.564,0.418,0.898,0.384,0.938,Preparation
5.105105105105105,16.606538534018195,25.030223098186216,148.2377509562301,153.89567320012137,138.26032260407365,137.5307050048012,189.6599528812678,195.10124664074092,"0.497, 0.337","0.459, 0.315","0.465, 0.457","0.448, 0.460","0.381, 0.526","0.344, 0.520","0.417, 0.720","0.392, 0.721","0.495, 0.555","0.490, 0.564","0.419, 0.897","0.384, 0.937","0.561, 0.283",0.495,0.555,0.49,0.564,0.419,0.897,0.384,0.937,Preparation
5.138471805138472,16.1267180735228,13.660896001230949,150.6733757103248,116.47367222941276,132.79135726977495,138.82182822626152,193.87705049440507,196.86549915904632,"0.504, 0.348","0.454, 0.300","0.466, 0.462","0.381, 0.384","0.382, 0.525","0.344, 0.512","0.424, 0.717","0.395, 0.717","0.483, 0.553","0.441, 0.529","0.420, 0.897","0.384, 0.937","0.561, 0.285",0.483,0.553,0.441,0.529,0.42,0.897,0.384,0.937,Preparation
5.171838505171839,13.538292769086032,4.794774841045376,165.2495131432192,129.47277498187185,131.85248628219554,143.82663740048213,195.67549929388645,196.5264865497971,"0.524, 0.357","0.438, 0.285","0.477, 0.465","0.381, 0.397","0.396, 0.527","0.345, 0.511","0.434, 0.717","0.395, 0.716","0.464, 0.550","0.437, 0.528","0.419, 0.905","0.384, 0.936","0.561, 0.294",0.464,0.55,0.437,0.528,0.419,0.905,0.384,0.936,Toe-Up
5.205205205205205,12.502315072779265,3.560168453046794,169.39948660432373,131.29847347182897,132.96248907794933,145.17820033013442,195.42530053948337,196.4838095628008,"0.528, 0.360","0.433, 0.282","0.480, 0.465","0.379, 0.400","0.402, 0.528","0.345, 0.510","0.435, 0.717","0.395, 0.715","0.460, 0.548","0.436, 0.528","0.417, 0.910","0.384, 0.934","0.561, 0.296",0.46,0.548,0.436,0.528,0.417,0.91,0.384,0.934,Toe-Up
5.238571905238572,7.432627371913965,6.6859680967745865,175.8315561119563,133.95231428022933,127.58953665777597,146.65774783281282,203.04957830944412,190.7907551731064,"0.529, 0.363","0.436, 0.277","0.468, 0.466","0.379, 0.381","0.399, 0.529","0.341, 0.509","0.447, 0.716","0.381, 0.713","0.428, 0.547","0.418, 0.509","0.417, 0.912","0.383, 0.931","0.561, 0.300",0.428,0.547,0.418,0.509,0.417,0.912,0.383,0.931,Toe-Up
5.271938605271939,3.3205749580262767,5.546337661250377,177.7483884741402,134.48757915709544,124.84715965762864,147.45539506120286,205.90852501085303,188.81247190791424,"0.532, 0.370","0.437, 0.278","0.461, 0.467","0.384, 0.377","0.400, 0.531","0.341, 0.509","0.453, 0.715","0.377, 0.712","0.410, 0.545","0.421, 0.494","0.417, 0.916","0.382, 0.930","0.565, 0.300",0.41,0.545,0.421,0.494,0.417,0.916,0.382,0.93,Toe-Up
5.305305305305305,2.3681544389416938,4.590989726867504,150.5591584571064,117.8042480513235,123.41674746228944,147.18603992409152,208.1668784124097,188.2386755517292,"0.536, 0.369","0.435, 0.280","0.462, 0.466","0.382, 0.382","0.400, 0.534","0.339, 0.509","0.456, 0.716","0.375, 0.712","0.457, 0.504","0.421, 0.438","0.418, 0.916","0.382, 0.930","0.573, 0.304",0.457,0.504,0.421,0.438,0.418,0.916,0.382,0.93,Toe-Up
5.3386720053386725,2.373754118057166,2.3070412356900185,118.28199826640578,112.65924058400743,123.683295210134,146.67057131045024,208.52671807466757,188.4285472112738,"0.535, 0.368","0.435, 0.281","0.463, 0.466","0.386, 0.385","0.400, 0.536","0.338, 0.509","0.457, 0.716","0.375, 0.710","0.477, 0.496","0.431, 0.435","0.418, 0.918","0.382, 0.930","0.575, 0.305",0.477,0.496,0.431,0.435,0.418,0.918,0.382,0.93,Toe-Up
5.372038705372039,9.880920377660534,13.046107115386787,105.43047643747144,95.72470485877624,120.01801042507974,145.676208904925,211.69124984069623,189.0138369301493,"0.541, 0.371","0.435, 0.281","0.443, 0.453","0.359, 0.384","0.399, 0.539","0.336, 0.509","0.463, 0.714","0.375, 0.714","0.360, 0.396","0.423, 0.441","0.420, 0.917","0.382, 0.932","0.582, 0.309",0.36,0.396,0.423,0.441,0.42,0.917,0.382,0.932,Mid-Backswing
5.405405405405405,11.040923352186216,26.697502257908862,172.95977188589424,151.0254010476713,120.28778173188026,145.9178291057658,212.8195686639763,188.98906570028265,"0.538, 0.368","0.436, 0.282","0.443, 0.448","0.335, 0.366","0.399, 0.540","0.336, 0.514","0.465, 0.714","0.375, 0.722","0.398, 0.496","0.305, 0.446","0.421, 0.916","0.382, 0.933","0.583, 0.311",0.398,0.496,0.305,0.446,0.421,0.916,0.382,0.933,Mid-Backswing
5.438772105438773,10.292695634064328,29.19873329357161,157.62309750026702,148.93295339540512,120.5209154410773,145.8403664901497,212.8420086692496,189.16984902865605,"0.537, 0.367","0.437, 0.282","0.444, 0.448","0.332, 0.363","0.399, 0.540","0.336, 0.516","0.464, 0.714","0.376, 0.724","0.406, 0.524","0.298, 0.447","0.421, 0.916","0.382, 0.934","0.582, 0.312",0.406,0.524,0.298,0.447,0.421,0.916,0.382,0.934,Mid-Backswing
5.472138805472139,36.11526524302247,24.24313700794258,122.12155805487882,159.57598327431984,119.54616904833183,145.60385560734403,214.9942449557054,189.0966180685088,"0.539, 0.367","0.438, 0.284","0.439, 0.394","0.343, 0.371","0.399, 0.542","0.336, 0.517","0.468, 0.714","0.376, 0.726","0.368, 0.328","0.304, 0.444","0.420, 0.916","0.382, 0.934","0.588, 0.313",0.368,0.328,0.304,0.444,0.42,0.916,0.382,0.934,Mid-Backswing
5.505505505505505,308.0576836591118,32.148513887485294,138.59701299311254,143.07435477114552,118.9377636249474,146.01930405798095,216.65456675507528,188.8358525402597,"0.542, 0.367","0.438, 0.289","0.438, 0.366","0.338, 0.358","0.401, 0.545","0.337, 0.522","0.471, 0.714","0.376, 0.730","0.356, 0.292","0.312, 0.435","0.421, 0.916","0.383, 0.936","0.589, 0.313",0.356,0.292,0.312,0.435,0.421,0.916,0.383,0.936,Mid-Backswing
5.538872205538873,295.2497620911751,36.93146963881239,160.20824264759713,137.05594856178598,118.4933888182845,145.60487368005727,217.90589812965345,188.8194918726528,"0.544, 0.366","0.439, 0.297","0.441, 0.343","0.335, 0.355","0.402, 0.548","0.338, 0.527","0.474, 0.714","0.376, 0.733","0.349, 0.285","0.317, 0.413","0.421, 0.916","0.383, 0.937","0.588, 0.318",0.349,0.285,0.317,0.413,0.421,0.916,0.383,0.937,Mid-Backswing
5.572238905572239,286.8254090855081,39.24794028934952,169.2428916170911,71.2916285363207,117.44032105882508,144.73870949767203,219.44723123191585,189.0178086963457,"0.546, 0.366","0.441, 0.305","0.441, 0.326","0.332, 0.358","0.401, 0.550","0.338, 0.530","0.476, 0.714","0.376, 0.733","0.349, 0.268","0.323, 0.291","0.422, 0.915","0.383, 0.937","0.592, 0.317",0.349,0.268,0.323,0.291,0.422,0.915,0.383,0.937,Mid-Backswing
5.605605605605606,286.025658270204,44.0655874159645,165.60406382675956,76.52995743087511,118.28451630545452,144.0367918939186,218.90658511682747,188.75307552967388,"0.546, 0.366","0.447, 0.307","0.445, 0.326","0.336, 0.348","0.403, 0.550","0.340, 0.529","0.476, 0.714","0.377, 0.732","0.359, 0.263","0.329, 0.289","0.422, 0.916","0.382, 0.937","0.596, 0.319",0.359,0.263,0.329,0.289,0.422,0.916,0.382,0.937,Mid-Backswing
5.638972305638973,284.724681753277,43.483189801656806,167.40883925081638,77.81960752498202,118.18051794104584,142.14113757517222,218.7841599860976,191.1025746897014,"0.545, 0.366","0.452, 0.312","0.445, 0.323","0.340, 0.352","0.403, 0.549","0.342, 0.529","0.477, 0.714","0.381, 0.731","0.354, 0.258","0.333, 0.299","0.424, 0.916","0.381, 0.937","0.598, 0.321",0.354,0.258,0.333,0.299,0.424,0.916,0.381,0.937,Mid-Backswing
5.672339005672339,284.1648262735053,43.43986476480307,168.3022324147015,75.65942070938135,118.9307629383777,141.39621133993347,218.41740018534512,192.62267899840072,"0.542, 0.365","0.453, 0.315","0.445, 0.324","0.341, 0.354","0.403, 0.549","0.342, 0.529","0.477, 0.715","0.383, 0.730","0.355, 0.262","0.335, 0.288","0.425, 0.916","0.378, 0.937","0.600, 0.323",0.355,0.262,0.335,0.288,0.425,0.916,0.378,0.937,Mid-Backswing
5.705705705705706,284.4412863808059,43.78708094643834,174.49697736611256,71.89816115425185,117.02697232198304,140.1086911636654,218.4136556208412,194.22162084455388,"0.551, 0.367","0.452, 0.316","0.464, 0.328","0.337, 0.355","0.403, 0.549","0.342, 0.527","0.477, 0.715","0.385, 0.721","0.361, 0.268","0.336, 0.294","0.425, 0.916","0.377, 0.936","0.599, 0.322",0.361,0.268,0.336,0.294,0.425,0.916,0.377,0.936,Mid-Backswing
5.739072405739073,285.3596962797066,40.81918802301017,178.6469242309674,70.40529273107407,117.49357612343375,136.15583423753603,217.9649010151283,199.6801693950247,"0.549, 0.367","0.459, 0.320","0.464, 0.330","0.345, 0.361","0.403, 0.547","0.344, 0.527","0.476, 0.715","0.394, 0.720","0.368, 0.285","0.345, 0.298","0.425, 0.914","0.375, 0.936","0.600, 0.324",0.368,0.285,0.345,0.298,0.425,0.914,0.375,0.936,Mid-Backswing
5.772439105772439,22.97629285444275,33.04491552716429,202.50460063070295,135.24185351669283,123.50809934043632,135.34308092225376,211.5065336963445,201.7602875049324,"0.538, 0.359","0.466, 0.317","0.463, 0.403","0.381, 0.362","0.400, 0.546","0.348, 0.527","0.463, 0.715","0.400, 0.717","0.421, 0.409","0.373, 0.386","0.423, 0.914","0.376, 0.934","0.599, 0.326",0.421,0.409,0.373,0.386,0.423,0.914,0.376,0.934,Toe-Up
5.805805805805806,3.66935195969004,4.760350129734437,175.2526011416991,84.1086676855736,125.24773119162722,127.65732921937624,207.24783192671336,209.48918548387115,"0.536, 0.357","0.489, 0.323","0.477, 0.449","0.435, 0.422","0.398, 0.543","0.354, 0.527","0.455, 0.714","0.419, 0.717","0.457, 0.485","0.469, 0.436","0.424, 0.906","0.378, 0.934","0.599, 0.326",0.457,0.485,0.469,0.436,0.424,0.906,0.378,0.934,Toe-Up
5.839172505839173,17.18085797063565,33.71932958162794,120.86203264397646,99.89726930761104,129.99661840641747,125.26733273630742,204.24193874552827,212.58349929161443,"0.521, 0.344","0.508, 0.337","0.493, 0.440","0.503, 0.465","0.394, 0.538","0.368, 0.531","0.448, 0.716","0.433, 0.722","0.542, 0.492","0.581, 0.482","0.424, 0.901","0.381, 0.934","0.600, 0.329",0.542,0.492,0.581,0.482,0.424,0.901,0.381,0.934,Mid-Downswing
5.872539205872539,31.91219591821171,26.81094355117116,147.67110097452095,136.5253117008524,129.23925375367335,126.30704224628276,206.39452434480685,215.3016724066886,"0.515, 0.347","0.505, 0.338","0.512, 0.468","0.488, 0.466","0.394, 0.533","0.374, 0.530","0.450, 0.710","0.441, 0.720","0.560, 0.547","0.551, 0.552","0.423, 0.893","0.380, 0.935","0.602, 0.332",0.56,0.547,0.551,0.552,0.423,0.893,0.38,0.935,Mid-Downswing
5.9059059059059065,34.74052776955027,22.677959345006748,154.8709191027011,134.44111425137794,129.80250457809126,127.46417842031477,206.08414066271504,215.2944560316494,"0.516, 0.348","0.502, 0.336","0.520, 0.470","0.479, 0.461","0.396, 0.533","0.375, 0.531","0.451, 0.709","0.442, 0.720","0.560, 0.549","0.542, 0.550","0.423, 0.890","0.380, 0.936","0.602, 0.333",0.56,0.549,0.542,0.55,0.423,0.89,0.38,0.936,Mid-Downswing
5.939272605939273,7.41596464647259,20.96989638474701,159.78265361225075,144.2793833604432,133.2168252210321,133.09793269135923,203.7422428430692,212.4021168594745,"0.497, 0.339","0.502, 0.336","0.414, 0.447","0.423, 0.400","0.384, 0.533","0.389, 0.532","0.437, 0.712","0.447, 0.722","0.390, 0.524","0.395, 0.501","0.415, 0.890","0.388, 0.936","0.603, 0.341",0.39,0.524,0.395,0.501,0.415,0.89,0.388,0.936,Mid-Downswing
5.97263930597264,0.4222765801421471,3.607710883090506,113.2984710789234,95.7908435094389,136.03639824846232,137.4346851507603,195.5782204686776,208.1356536277534,"0.504, 0.336","0.497, 0.319","0.434, 0.446","0.448, 0.431","0.382, 0.530","0.388, 0.531","0.420, 0.713","0.440, 0.723","0.481, 0.516","0.530, 0.478","0.408, 0.891","0.393, 0.928","0.606, 0.352",0.481,0.516,0.53,0.478,0.408,0.891,0.393,0.928,Impact
6.006006006006007,5.363605321093868,6.61848160487086,113.47248599003846,88.31701282586802,136.30740396161116,138.15169543288798,196.06840643605855,206.73903414990932,"0.505, 0.338","0.495, 0.315","0.448, 0.451","0.449, 0.438","0.384, 0.530","0.385, 0.530","0.421, 0.714","0.436, 0.724","0.501, 0.516","0.541, 0.470","0.406, 0.892","0.394, 0.925","0.607, 0.355",0.501,0.516,0.541,0.47,0.406,0.892,0.394,0.925,Impact
6.039372706039373,6.86268698622262,11.4302705098276,99.14299922671348,99.5164200726994,136.18692188816118,141.72484138547532,194.3129186143064,202.79391945766045,"0.522, 0.344","0.494, 0.306","0.466, 0.448","0.463, 0.430","0.395, 0.526","0.387, 0.529","0.424, 0.712","0.430, 0.720","0.514, 0.484","0.542, 0.466","0.407, 0.888","0.396, 0.910","0.607, 0.361",0.514,0.484,0.542,0.466,0.407,0.888,0.396,0.91,Impact
6.072739406072739,278.6145986294468,13.190041652959762,149.4346995990767,59.73770873403444,143.88182828513246,131.50704917877138,187.66455325913952,199.85303235133708,"0.491, 0.287","0.547, 0.371","0.395, 0.254","0.501, 0.467","0.366, 0.524","0.414, 0.535","0.392, 0.708","0.445, 0.724","0.379, 0.236","0.545, 0.464","0.394, 0.887","0.411, 0.912","0.608, 0.363",0.379,0.236,0.545,0.464,0.394,0.887,0.411,0.912,Mid-Follow-Through
6.106106106106107,15.39544017570208,1.3193243219938529,133.80336107133593,148.95510900438353,134.0081137138939,139.8839898539848,190.15150615725017,200.43947143299133,"0.523, 0.320","0.529, 0.308","0.425, 0.396","0.480, 0.394","0.371, 0.523","0.406, 0.531","0.401, 0.707","0.444, 0.719","0.417, 0.473","0.481, 0.462","0.398, 0.888","0.414, 0.902","0.610, 0.348",0.417,0.473,0.481,0.462,0.398,0.888,0.414,0.902,Mid-Follow-Through
6.139472806139473,2.840455285368011,0.1881363931517705,153.2612404567622,128.8092634214377,137.0175561258368,142.0099387236028,187.81088680738725,201.48893176232497,"0.528, 0.322","0.521, 0.291","0.441, 0.429","0.468, 0.400","0.382, 0.521","0.404, 0.529","0.404, 0.707","0.444, 0.719","0.424, 0.508","0.504, 0.477","0.400, 0.889","0.413, 0.899","0.610, 0.346",0.424,0.508,0.504,0.477,0.4,0.889,0.413,0.899,Mid-Follow-Through
6.172839506172839,296.26659128130194,292.4271009857788,89.83373184201302,123.44785211115664,144.37819278329383,137.72707325151174,185.2710686106124,192.67089778982603,"0.499, 0.286","0.578, 0.348","0.396, 0.282","0.487, 0.324","0.371, 0.520","0.437, 0.534","0.392, 0.699","0.454, 0.719","0.400, 0.199","0.455, 0.230","0.397, 0.881","0.432, 0.892","0.614, 0.312",0.4,0.199,0.455,0.23,0.397,0.881,0.432,0.892,Mid-Follow-Through
6.206206206206207,294.4711448712436,280.65280580904323,97.5902139011156,144.55405662720648,145.77895084851718,140.48636455190405,184.9086463949958,186.9516684915625,"0.493, 0.281","0.582, 0.344","0.393, 0.275","0.483, 0.297","0.368, 0.518","0.444, 0.534","0.388, 0.700","0.455, 0.723","0.387, 0.184","0.418, 0.180","0.393, 0.882","0.444, 0.902","0.613, 0.288",0.387,0.184,0.418,0.18,0.393,0.882,0.444,0.902,Mid-Follow-Through
6.239572906239573,293.71600877115407,279.3078452902626,102.10353271084335,147.26220515740638,146.72126088529433,140.65548476541068,184.43514742822185,185.36865719595696,"0.493, 0.281","0.584, 0.344","0.393, 0.274","0.482, 0.293","0.368, 0.518","0.446, 0.534","0.386, 0.699","0.457, 0.725","0.382, 0.192","0.414, 0.178","0.390, 0.884","0.450, 0.914","0.613, 0.284",0.382,0.192,0.414,0.178,0.39,0.884,0.45,0.914,Mid-Follow-Through
6.27293960627294,289.2746930319309,272.5541417406911,96.75609058979416,155.44373607597464,148.86235714269577,143.12948638935134,183.60935425114988,183.91482211391207,"0.485, 0.280","0.580, 0.341","0.382, 0.268","0.478, 0.279","0.369, 0.517","0.450, 0.534","0.386, 0.699","0.459, 0.721","0.382, 0.174","0.411, 0.178","0.391, 0.885","0.455, 0.910","0.611, 0.273",0.382,0.174,0.411,0.178,0.391,0.885,0.455,0.91,Mid-Follow-Through
6.306306306306307,287.83408239650623,262.9627894617182,80.44718264756685,128.54186814849822,152.22260150394922,144.91796561159035,181.57637073818125,181.63722271100144,"0.471, 0.275","0.575, 0.336","0.367, 0.266","0.537, 0.306","0.370, 0.515","0.451, 0.533","0.387, 0.700","0.460, 0.715","0.391, 0.173","0.538, 0.225","0.398, 0.889","0.463, 0.902","0.601, 0.265",0.391,0.173,0.538,0.225,0.398,0.889,0.463,0.902,Mid-Follow-Through
6.339673006339673,290.3278188796026,277.2701079179301,72.51093481654112,145.55704485411763,153.5598748091114,147.38451031100172,180.9864346580952,180.4575919752128,"0.466, 0.271","0.570, 0.325","0.365, 0.270","0.514, 0.301","0.373, 0.510","0.452, 0.527","0.390, 0.700","0.459, 0.715","0.394, 0.182","0.444, 0.190","0.403, 0.889","0.464, 0.902","0.594, 0.260",0.394,0.182,0.444,0.19,0.403,0.889,0.464,0.902,Mid-Follow-Through
6.37303970637304,63.83835142868617,284.7337613151714,63.755059499783385,133.86824507813134,156.261644968549,149.4182861563851,178.12546011272474,181.86967896944915,"0.468, 0.267","0.569, 0.316","0.367, 0.277","0.505, 0.301","0.380, 0.505","0.456, 0.523","0.391, 0.695","0.463, 0.712","0.398, 0.193","0.444, 0.195","0.409, 0.884","0.464, 0.898","0.589, 0.245",0.398,0.193,0.444,0.195,0.409,0.884,0.464,0.898,Mid-Follow-Through
6.406406406406407,67.24202134678973,57.21391046540476,49.561945440852114,114.97209925079184,157.3000266724069,149.48222687167709,176.08852168186985,181.69321094516812,"0.469, 0.262","0.568, 0.304","0.369, 0.268","0.504, 0.310","0.383, 0.502","0.455, 0.515","0.393, 0.696","0.463, 0.711","0.419, 0.203","0.457, 0.226","0.415, 0.884","0.465, 0.896","0.584, 0.236",0.419,0.203,0.457,0.226,0.415,0.884,0.465,0.896,Mid-Follow-Through
6.439773106439773,62.71804265456211,54.86480053875584,44.853974178121874,110.06232303739525,158.20815942000468,152.38737886619526,175.96363984153342,171.6932431229049,"0.466, 0.262","0.566, 0.305","0.378, 0.274","0.504, 0.314","0.383, 0.503","0.460, 0.516","0.393, 0.695","0.462, 0.706","0.419, 0.220","0.456, 0.226","0.415, 0.885","0.487, 0.866","0.575, 0.230",0.419,0.22,0.456,0.226,0.415,0.885,0.487,0.866,Finish
6.4731398064731405,52.52135944560853,48.00104297676289,30.905009921689302,97.40924601697178,158.4751406891464,153.09899073885788,176.6296710158343,172.74992848025494,"0.466, 0.252","0.565, 0.297","0.381, 0.281","0.498, 0.315","0.383, 0.499","0.459, 0.510","0.393, 0.696","0.461, 0.707","0.422, 0.232","0.462, 0.232","0.414, 0.885","0.485, 0.877","0.571, 0.232",0.422,0.232,0.462,0.232,0.414,0.885,0.485,0.877,Finish
6.506506506506506,45.98686957608807,45.3513864090424,31.76972503901641,90.5794221571972,157.0958484393813,153.10362357586786,178.1049663589306,174.11044882875532,"0.468, 0.252","0.564, 0.293","0.395, 0.286","0.498, 0.315","0.383, 0.497","0.458, 0.507","0.396, 0.696","0.461, 0.708","0.432, 0.230","0.471, 0.237","0.414, 0.885","0.481, 0.882","0.571, 0.229",0.432,0.23,0.471,0.237,0.414,0.885,0.481,0.882,Finish
6.539873206539873,15.530397472690163,23.334174670542783,78.37593323637338,15.12268433579267,156.11434456739744,161.42075015158633,175.32755474024967,179.01390237916814,"0.548, 0.276","0.484, 0.254","0.540, 0.332","0.432, 0.315","0.452, 0.498","0.409, 0.498","0.454, 0.706","0.415, 0.704","0.597, 0.329","0.467, 0.240","0.470, 0.893","0.423, 0.883","0.572, 0.217",0.597,0.329,0.467,0.24,0.47,0.893,0.423,0.883,Finish
6.5732399065732405,11.90492944980947,38.68824948116944,5.4606126463570615,34.508286437850124,154.45263706185247,165.76453852103654,182.3158861505694,167.12519011351836,"0.527, 0.268","0.519, 0.266","0.483, 0.335","0.436, 0.321","0.437, 0.496","0.445, 0.501","0.451, 0.705","0.433, 0.705","0.499, 0.304","0.467, 0.244","0.457, 0.891","0.463, 0.882","0.570, 0.220",0.499,0.304,0.467,0.244,0.457,0.891,0.463,0.882,Finish
6.606606606606607,1.7266301012809238,34.35974505103823,7.393919004391403,66.64940958028002,168.56866823380938,162.750962509777,171.23553833648864,166.98618419914683,"0.491, 0.257","0.549, 0.275","0.472, 0.329","0.486, 0.319","0.435, 0.496","0.464, 0.503","0.429, 0.705","0.452, 0.707","0.479, 0.275","0.469, 0.239","0.452, 0.891","0.482, 0.884","0.569, 0.218",0.479,0.275,0.469,0.239,0.452,0.891,0.482,0.884,Finish
6.639973306639973,2.6282249432830063,37.61250498842452,14.784264539209383,75.3314530707497,171.7090994231374,161.60833429743178,171.7915113021336,168.10959440289176,"0.480, 0.253","0.559, 0.278","0.468, 0.330","0.497, 0.315","0.431, 0.496","0.469, 0.504","0.420, 0.704","0.458, 0.708","0.462, 0.271","0.474, 0.236","0.436, 0.891","0.485, 0.882","0.568, 0.219",0.462,0.271,0.474,0.236,0.436,0.891,0.485,0.882,Finish
6.673340006673341,4.745714515708173,45.17992238410606,15.503492903683094,82.29189078425337,167.53844313702518,162.23439803957982,174.36607026786666,168.2055901591491,"0.480, 0.254","0.559, 0.275","0.453, 0.335","0.496, 0.304","0.421, 0.497","0.472, 0.505","0.416, 0.704","0.462, 0.708","0.456, 0.269","0.474, 0.232","0.431, 0.891","0.488, 0.879","0.566, 0.219",0.456,0.269,0.474,0.232,0.431,0.891,0.488,0.879,Finish
6.706706706706707,5.132636565284388,44.762603247467794,17.819376087536675,87.81994366042404,166.25456993559004,162.61127158595642,174.23016838254247,167.51649226028047,"0.476, 0.250","0.563, 0.278","0.446, 0.334","0.500, 0.306","0.413, 0.495","0.475, 0.505","0.411, 0.702","0.463, 0.706","0.448, 0.268","0.470, 0.230","0.429, 0.891","0.490, 0.878","0.566, 0.219",0.448,0.268,0.47,0.23,0.429,0.891,0.49,0.878,Finish
6.740073406740073,5.506786432454576,45.61363841573847,18.69522672316069,94.79865379666442,165.69165968460425,162.40120328331665,175.58743102260323,167.46329764255262,"0.473, 0.247","0.567, 0.278","0.442, 0.332","0.509, 0.303","0.409, 0.495","0.477, 0.505","0.410, 0.700","0.463, 0.705","0.443, 0.267","0.470, 0.228","0.424, 0.889","0.489, 0.877","0.566, 0.220",0.443,0.267,0.47,0.228,0.424,0.889,0.489,0.877,Finish
6.773440106773441,10.22221922771803,48.660901802031184,17.71474442183442,107.73624437730798,165.3664248711897,162.91593253659107,175.64420118747248,166.60844482896886,"0.473, 0.243","0.566, 0.278","0.437, 0.320","0.505, 0.300","0.407, 0.495","0.478, 0.505","0.407, 0.699","0.464, 0.703","0.443, 0.273","0.451, 0.231","0.422, 0.888","0.491, 0.873","0.564, 0.218",0.443,0.273,0.451,0.231,0.422,0.888,0.491,0.873,Finish
6.806806806806807,9.264128802305931,41.39946632154948,14.148347984761497,106.27510658281216,166.02324554109668,162.62978002913852,176.0648457838018,167.59261615858833,"0.468, 0.242","0.566, 0.278","0.434, 0.322","0.505, 0.310","0.406, 0.494","0.478, 0.504","0.407, 0.698","0.465, 0.703","0.441, 0.274","0.447, 0.249","0.421, 0.888","0.490, 0.875","0.562, 0.218",0.441,0.274,0.447,0.249,0.421,0.888,0.49,0.875,Finish
6.840173506840173,7.294348757557067,42.01212538332192,17.610286579339917,104.38392654099492,165.66305656067928,162.44542608521277,176.2849480182929,168.00422125959318,"0.467, 0.243","0.567, 0.278","0.432, 0.334","0.504, 0.310","0.405, 0.494","0.479, 0.504","0.407, 0.698","0.466, 0.703","0.436, 0.277","0.447, 0.245","0.421, 0.888","0.491, 0.876","0.561, 0.216",0.436,0.277,0.447,0.245,0.421,0.888,0.491,0.876,Finish
6.873540206873541,11.373627160001668,42.038220373051566,15.54856483949454,104.50684966529994,165.717899301971,162.1406419263562,176.11439398292762,168.4706666971473,"0.467, 0.243","0.567, 0.279","0.423, 0.335","0.503, 0.311","0.405, 0.494","0.479, 0.503","0.407, 0.697","0.467, 0.702","0.431, 0.292","0.445, 0.245","0.422, 0.888","0.491, 0.876","0.561, 0.214",0.431,0.292,0.445,0.245,0.422,0.888,0.491,0.876,Finish
6.906906906906907,12.449952966678213,54.13057770367069,21.041807227055912,111.8590201245128,164.4919160604145,161.56374707547724,176.46214868159376,169.67015067065057,"0.469, 0.250","0.567, 0.279","0.421, 0.344","0.497, 0.297","0.405, 0.494","0.479, 0.503","0.408, 0.697","0.468, 0.702","0.428, 0.283","0.447, 0.229","0.423, 0.888","0.490, 0.874","0.561, 0.212",0.428,0.283,0.447,0.229,0.423,0.888,0.49,0.874,Finish
6.9402736069402735,10.54565453590037,54.00634754230312,21.202795890230146,107.7413883910102,163.9629685932442,161.39625411992844,175.91243750025407,170.32893639974924,"0.472, 0.251","0.567, 0.279","0.421, 0.355","0.490, 0.299","0.405, 0.494","0.479, 0.503","0.408, 0.697","0.470, 0.703","0.427, 0.291","0.446, 0.230","0.424, 0.888","0.491, 0.874","0.561, 0.212",0.427,0.291,0.446,0.23,0.424,0.888,0.491,0.874,Finish
6.973640306973641,11.171489556607376,52.52794624523106,27.881603933637333,98.8226030533418,161.8454543604093,162.57435183769434,175.17340516301977,170.21811225796824,"0.482, 0.256","0.564, 0.273","0.425, 0.360","0.481, 0.299","0.406, 0.495","0.480, 0.503","0.408, 0.697","0.470, 0.703","0.427, 0.292","0.447, 0.231","0.426, 0.887","0.491, 0.873","0.560, 0.212",0.427,0.292,0.447,0.231,0.426,0.887,0.491,0.873,Finish
7.007007007007007,11.904386768221736,50.77174688294673,25.246263677564414,97.74673305127244,163.4745741767297,162.32591705387162,174.94511517288694,170.5194976568574,"0.477, 0.255","0.564, 0.273","0.424, 0.355","0.482, 0.302","0.407, 0.494","0.481, 0.503","0.408, 0.696","0.474, 0.703","0.427, 0.291","0.445, 0.232","0.425, 0.886","0.495, 0.869","0.560, 0.213",0.427,0.291,0.445,0.232,0.425,0.886,0.495,0.869,Finish
7.040373707040375,14.573365975617715,46.67024236027109,25.65039705160784,95.06731386468176,164.95678782537877,162.35281697961753,175.0042912702561,170.50019548248363,"0.473, 0.252","0.564, 0.274","0.422, 0.341","0.485, 0.309","0.408, 0.493","0.483, 0.502","0.408, 0.694","0.475, 0.702","0.427, 0.269","0.444, 0.235","0.425, 0.884","0.497, 0.869","0.560, 0.213",0.427,0.269,0.444,0.235,0.425,0.884,0.497,0.869,Finish
7.073740407073741,14.624735232024086,44.16191029757605,22.5196521489647,93.90504941513026,165.45962874324417,162.20868825199855,175.21556562019592,170.3487681386011,"0.472, 0.251","0.564, 0.274","0.422, 0.340","0.488, 0.311","0.409, 0.492","0.483, 0.500","0.409, 0.692","0.476, 0.700","0.431, 0.269","0.445, 0.236","0.424, 0.882","0.498, 0.867","0.560, 0.212",0.431,0.269,0.445,0.236,0.424,0.882,0.498,0.867,Finish
7.107107107107107,15.401509087218097,43.49630548920696,22.24983489952576,92.42732741070928,165.81709293686967,162.12674896223234,175.22611677562253,170.2184453790683,"0.471, 0.251","0.564, 0.274","0.420, 0.340","0.489, 0.312","0.409, 0.492","0.483, 0.500","0.409, 0.692","0.477, 0.700","0.431, 0.259","0.445, 0.233","0.424, 0.881","0.500, 0.864","0.560, 0.213",0.431,0.259,0.445,0.233,0.424,0.881,0.5,0.864,Finish
7.1404738071404745,15.777872632349949,43.81100160487024,21.405113431251785,92.2399267424514,166.41311928419532,161.8561745785725,175.40720096913677,170.6429839154565,"0.468, 0.251","0.565, 0.274","0.417, 0.341","0.489, 0.312","0.409, 0.493","0.484, 0.500","0.409, 0.692","0.478, 0.700","0.429, 0.257","0.445, 0.232","0.424, 0.881","0.500, 0.864","0.560, 0.212",0.429,0.257,0.445,0.232,0.424,0.881,0.5,0.864,Finish
7.173840507173841,15.370687721636006,44.21048123163218,19.33756546840092,93.98237662930336,167.12684731375492,161.96554118274358,175.59860449440723,170.54705466370197,"0.465, 0.251","0.565, 0.275","0.416, 0.341","0.490, 0.311","0.409, 0.493","0.484, 0.500","0.409, 0.692","0.478, 0.701","0.429, 0.258","0.445, 0.233","0.423, 0.881","0.500, 0.866","0.560, 0.212",0.429,0.258,0.445,0.233,0.423,0.881,0.5,0.866,Finish
7.207207207207207,14.71081508818965,44.12269991031563,22.479017069740387,91.00070904047044,166.83376504048087,162.66682216543006,175.6634857364519,170.79771343374344,"0.465, 0.254","0.564, 0.275","0.416, 0.347","0.489, 0.313","0.409, 0.494","0.485, 0.501","0.409, 0.693","0.478, 0.701","0.424, 0.256","0.446, 0.231","0.424, 0.883","0.500, 0.872","0.558, 0.210",0.424,0.256,0.446,0.231,0.424,0.883,0.5,0.872,Finish
7.240573907240575,15.461932966115024,52.00378088333835,23.805250207440093,99.89128598221592,166.71670617964696,163.6952191049454,175.98291044484884,170.9778192198113,"0.465, 0.254","0.563, 0.274","0.414, 0.349","0.490, 0.300","0.409, 0.496","0.487, 0.501","0.410, 0.694","0.479, 0.702","0.422, 0.256","0.447, 0.223","0.423, 0.885","0.500, 0.878","0.558, 0.206",0.422,0.256,0.447,0.223,0.423,0.885,0.5,0.878,Finish
7.273940607273941,15.79916846993805,51.59666721477396,22.833514901566552,99.25707628048312,166.80638836719174,164.35850412909815,176.1358837636938,170.78353372990125,"0.466, 0.254","0.563, 0.274","0.412, 0.351","0.490, 0.301","0.409, 0.496","0.488, 0.502","0.410, 0.695","0.479, 0.704","0.422, 0.256","0.446, 0.223","0.423, 0.886","0.500, 0.881","0.557, 0.205",0.422,0.256,0.446,0.223,0.423,0.886,0.5,0.881,Finish
7.307307307307307,16.19039137930854,50.71930204528645,22.71381446717316,98.79420663041164,166.81784202837804,164.58912486549772,176.2062601431387,170.66581402759994,"0.466, 0.254","0.563, 0.274","0.412, 0.350","0.490, 0.302","0.409, 0.497","0.489, 0.502","0.410, 0.695","0.479, 0.704","0.423, 0.256","0.445, 0.223","0.422, 0.887","0.500, 0.880","0.557, 0.205",0.423,0.256,0.445,0.223,0.422,0.887,0.5,0.88,Finish
7.340674007340675,16.10433744958717,39.48283917439117,22.633064669950368,83.9930441853594,166.85172321585642,164.57154816988108,176.1261490985467,170.51447148024607,"0.467, 0.254","0.563, 0.276","0.411, 0.353","0.487, 0.325","0.409, 0.499","0.489, 0.505","0.409, 0.696","0.480, 0.705","0.423, 0.253","0.441, 0.234","0.423, 0.888","0.501, 0.878","0.555, 0.203",0.423,0.253,0.441,0.234,0.423,0.888,0.501,0.878,Finish
7.374040707374041,16.86519280986193,40.52618645440995,23.62019763297184,86.22314871708686,166.63499725805545,164.53555434374744,176.01663225992465,170.44273126173607,"0.468, 0.255","0.563, 0.276","0.411, 0.353","0.485, 0.324","0.410, 0.500","0.489, 0.507","0.409, 0.697","0.480, 0.705","0.423, 0.253","0.439, 0.235","0.423, 0.888","0.501, 0.876","0.554, 0.202",0.423,0.253,0.439,0.235,0.423,0.888,0.501,0.876,Finish
7.407407407407407,17.34753232542339,41.15165061664178,25.293794548974205,86.62341310646143,166.22317684366075,164.71877836122502,175.8543635154167,170.43489910641284,"0.470, 0.256","0.562, 0.276","0.411, 0.354","0.485, 0.323","0.410, 0.501","0.489, 0.507","0.410, 0.697","0.480, 0.705","0.421, 0.257","0.439, 0.234","0.423, 0.888","0.501, 0.875","0.554, 0.201",0.421,0.257,0.439,0.234,0.423,0.888,0.501,0.875,Finish
7.440774107440775,17.52974899660611,41.14123857463984,25.39518957697825,85.97513224687549,166.1502329866995,165.09529959740317,175.83620063030014,170.4949936677751,"0.471, 0.257","0.561, 0.276","0.411, 0.354","0.485, 0.322","0.410, 0.501","0.489, 0.507","0.410, 0.697","0.480, 0.705","0.421, 0.257","0.439, 0.234","0.423, 0.888","0.501, 0.875","0.553, 0.201",0.421,0.257,0.439,0.234,0.423,0.888,0.501,0.875,Finish
7.474140807474141,17.164445609765455,40.85290560343351,24.70434349507392,86.06982999031888,166.29388888634654,165.0508039761754,175.7744657819919,170.6123726301732,"0.470, 0.255","0.561, 0.276","0.411, 0.354","0.484, 0.324","0.410, 0.501","0.489, 0.507","0.410, 0.697","0.480, 0.705","0.421, 0.261","0.437, 0.235","0.424, 0.888","0.501, 0.874","0.553, 0.202",0.421,0.261,0.437,0.235,0.424,0.888,0.501,0.874,Finish
7.5075075075075075,15.994088806217322,39.75262252020461,28.39506482015596,85.8842156086999,166.66292232527607,165.08308755011177,175.69463197205087,170.5651177464793,"0.469, 0.254","0.561, 0.277","0.413, 0.355","0.483, 0.326","0.410, 0.501","0.489, 0.507","0.410, 0.697","0.480, 0.705","0.413, 0.343","0.435, 0.238","0.424, 0.888","0.501, 0.873","0.552, 0.202",0.413,0.343,0.435,0.238,0.424,0.888,0.501,0.873,Finish
7.540874207540875,15.144391934231548,39.785582912077786,222.40678204436165,86.10683177344049,166.8772750062199,165.08839386223636,175.6279262349828,170.5283085958473,"0.469, 0.254","0.561, 0.277","0.413, 0.357","0.483, 0.327","0.410, 0.501","0.489, 0.507","0.410, 0.697","0.480, 0.705","0.409, 0.358","0.434, 0.238","0.424, 0.888","0.501, 0.872","0.551, 0.202",0.409,0.358,0.434,0.238,0.424,0.888,0.501,0.872,Finish
7.574240907574241,14.489177109884835,39.21774971014456,46.09487034203327,85.48172757043604,167.32132160664753,165.06468894718483,175.65456828200325,170.5347200844601,"0.467, 0.252","0.561, 0.277","0.413, 0.356","0.483, 0.328","0.410, 0.501","0.489, 0.507","0.410, 0.697","0.480, 0.704","0.410, 0.346","0.434, 0.239","0.424, 0.888","0.501, 0.872","0.551, 0.202",0.41,0.346,0.434,0.239,0.424,0.888,0.501,0.872,Finish
7.607607607607608,13.856467813976195,37.6657453960573,162.6382976767105,83.75328763028278,167.67023825422206,165.03078723171168,175.6315839233187,170.5618853658224,"0.466, 0.252","0.561, 0.278","0.414, 0.357","0.483, 0.332","0.410, 0.501","0.489, 0.507","0.410, 0.697","0.480, 0.704","0.404, 0.419","0.434, 0.242","0.423, 0.888","0.501, 0.871","0.551, 0.202",0.404,0.419,0.434,0.242,0.423,0.888,0.501,0.871,Finish
7.640974307640975,13.245300747732024,36.526544546236416,159.56800451660374,82.7551250934362,167.67526802273582,164.96354096214606,175.6373188905476,170.59202382654036,"0.466, 0.252","0.560, 0.278","0.414, 0.360","0.483, 0.335","0.410, 0.501","0.489, 0.507","0.410, 0.697","0.480, 0.704","0.405, 0.451","0.434, 0.244","0.423, 0.888","0.501, 0.871","0.551, 0.202",0.405,0.451,0.434,0.244,0.423,0.888,0.501,0.871,Finish
7.674341007674341,12.840684993333497,36.92983178891515,168.08329672204073,83.34773783800014,167.6189061192368,164.90011490708108,175.64089888943963,170.61764863185718,"0.466, 0.252","0.560, 0.279","0.414, 0.362","0.483, 0.334","0.410, 0.501","0.489, 0.507","0.410, 0.697","0.480, 0.704","0.397, 0.431","0.434, 0.245","0.424, 0.888","0.501, 0.871","0.551, 0.202",0.397,0.431,0.434,0.245,0.424,0.888,0.501,0.871,Finish
7.707707707707708,12.888242952764092,35.80253269280231,177.19497100897252,82.1733543011797,167.55550008756364,164.87219309970845,175.74125607436312,170.6404471097248,"0.466, 0.252","0.560, 0.279","0.414, 0.361","0.483, 0.337","0.410, 0.502","0.488, 0.507","0.410, 0.697","0.480, 0.704","0.395, 0.407","0.433, 0.246","0.424, 0.888","0.501, 0.871","0.551, 0.201",0.395,0.407,0.433,0.246,0.424,0.888,0.501,0.871,Finish
7.741074407741075,13.953937667659703,35.776602802347135,29.455811144557483,82.33467637828912,167.62111542258248,165.02283018741855,175.85724015020796,170.73108987066905,"0.465, 0.252","0.560, 0.279","0.414, 0.356","0.483, 0.337","0.410, 0.501","0.488, 0.507","0.410, 0.697","0.480, 0.704","0.410, 0.286","0.432, 0.246","0.424, 0.888","0.500, 0.871","0.551, 0.200",0.41,0.286,0.432,0.246,0.424,0.888,0.5,0.871,Finish
7.774441107774441,13.47517369625792,36.704617291313255,159.17652835248165,85.69300231088202,167.68222184814164,165.29885897898438,175.97143527930288,170.72812237325493,"0.464, 0.252","0.560, 0.275","0.413, 0.357","0.483, 0.331","0.410, 0.501","0.488, 0.507","0.410, 0.697","0.480, 0.704","0.406, 0.449","0.430, 0.246","0.424, 0.888","0.500, 0.871","0.550, 0.200",0.406,0.449,0.43,0.246,0.424,0.888,0.5,0.871,Finish
7.807807807807809,14.66608613795704,36.092407289859,31.24242012290721,84.43670089977947,167.39446868836498,165.61097078312525,176.30289142055187,170.76837221830075,"0.464, 0.253","0.559, 0.274","0.413, 0.353","0.483, 0.331","0.410, 0.502","0.488, 0.507","0.411, 0.697","0.480, 0.704","0.410, 0.309","0.430, 0.245","0.424, 0.888","0.500, 0.871","0.550, 0.200",0.41,0.309,0.43,0.245,0.424,0.888,0.5,0.871,Finish
7.841174507841175,14.835053665591406,38.816963550422585,30.282897656891045,88.28271155144178,167.3874928977733,165.71092960264355,176.41806992750818,170.724880832041,"0.464, 0.253","0.559, 0.274","0.413, 0.353","0.482, 0.326","0.410, 0.502","0.488, 0.507","0.411, 0.697","0.480, 0.704","0.410, 0.311","0.428, 0.242","0.424, 0.888","0.500, 0.871","0.549, 0.199",0.41,0.311,0.428,0.242,0.424,0.888,0.5,0.871,Finish
7.874541207874541,13.721120114811193,38.57333333118888,158.2911343668611,87.87486371651626,167.57573144208175,165.764468993269,176.46087077755234,170.7176126911179,"0.462, 0.253","0.559, 0.273","0.414, 0.353","0.482, 0.326","0.410, 0.502","0.488, 0.507","0.411, 0.697","0.480, 0.704","0.410, 0.414","0.429, 0.242","0.425, 0.888","0.500, 0.871","0.548, 0.198",0.41,0.414,0.429,0.242,0.425,0.888,0.5,0.871,Finish
7.907907907907909,13.575924255056377,38.50078327770501,169.62102058593797,87.67619864233052,167.7034573067326,165.8120343876944,176.43001367095584,170.8384305551515,"0.462, 0.253","0.558, 0.273","0.415, 0.352","0.482, 0.326","0.410, 0.502","0.488, 0.507","0.411, 0.697","0.480, 0.704","0.399, 0.409","0.429, 0.241","0.425, 0.888","0.499, 0.871","0.548, 0.198",0.399,0.409,0.429,0.241,0.425,0.888,0.499,0.871,Finish
7.941274607941275,14.583340375571446,35.88153810167844,46.78689710389614,80.46062113420011,167.47862199285314,167.43890858511207,176.7218791951421,171.0238743161608,"0.462, 0.253","0.551, 0.273","0.415, 0.347","0.479, 0.331","0.410, 0.502","0.488, 0.506","0.412, 0.697","0.479, 0.704","0.401, 0.309","0.428, 0.241","0.426, 0.888","0.498, 0.873","0.548, 0.198",0.401,0.309,0.428,0.241,0.426,0.888,0.498,0.873,Finish
7.974641307974641,15.229157905017846,33.68839549868388,36.19061989359687,75.4468171878343,166.85925538186206,168.09636826880433,177.63576743790162,171.24686099485038,"0.462, 0.253","0.546, 0.271","0.416, 0.343","0.477, 0.334","0.410, 0.502","0.486, 0.506","0.414, 0.697","0.479, 0.703","0.406, 0.279","0.428, 0.241","0.427, 0.888","0.498, 0.874","0.547, 0.198",0.406,0.279,0.428,0.241,0.427,0.888,0.498,0.874,Finish
8.008008008008009,14.89615089445094,34.0090958294196,188.5146651158015,74.00581456661136,166.7181121108302,167.80327917708877,177.92230837928716,171.27498993577342,"0.462, 0.253","0.547, 0.271","0.417, 0.343","0.477, 0.334","0.410, 0.502","0.486, 0.506","0.415, 0.697","0.479, 0.703","0.402, 0.364","0.430, 0.235","0.427, 0.888","0.498, 0.874","0.547, 0.196",0.402,0.364,0.43,0.235,0.427,0.888,0.498,0.874,Finish
8.041374708041374,15.627606880419387,32.8963723943586,37.04127331029031,69.38176121970676,165.89398514207954,168.9642342506252,179.4777575131787,171.3624971366358,"0.462, 0.254","0.539, 0.271","0.417, 0.341","0.473, 0.334","0.410, 0.502","0.484, 0.505","0.419, 0.697","0.477, 0.702","0.403, 0.263","0.431, 0.236","0.428, 0.888","0.497, 0.875","0.546, 0.195",0.403,0.263,0.431,0.236,0.428,0.888,0.497,0.875,Finish
8.074741408074741,17.078650165635832,29.05615249009424,35.54022511239012,62.64059742427476,165.76552240834027,168.2632314239587,179.8050829945577,171.5840804883467,"0.461, 0.254","0.541, 0.271","0.414, 0.341","0.470, 0.347","0.410, 0.502","0.484, 0.505","0.419, 0.697","0.477, 0.702","0.403, 0.251","0.431, 0.239","0.429, 0.889","0.496, 0.875","0.545, 0.195",0.403,0.251,0.431,0.239,0.429,0.889,0.496,0.875,Finish
8.108108108108109,17.838223346638813,25.525270034114364,36.00791625699909,57.21415483184491,164.65821709548075,162.23658110629668,181.9734705068422,184.3881365707342,"0.461, 0.255","0.536, 0.271","0.414, 0.338","0.471, 0.351","0.411, 0.501","0.479, 0.504","0.425, 0.697","0.492, 0.690","0.404, 0.249","0.436, 0.243","0.431, 0.889","0.492, 0.876","0.544, 0.195",0.404,0.249,0.436,0.243,0.431,0.889,0.492,0.876,Finish
8.141474808141476,17.29240951780784,24.93760297577588,34.869828081678314,58.03495529941439,164.73246826733347,164.90487132474985,182.37045854232136,178.30701624357087,"0.460, 0.255","0.538, 0.272","0.414, 0.339","0.471, 0.354","0.411, 0.501","0.479, 0.504","0.426, 0.697","0.483, 0.691","0.404, 0.249","0.433, 0.244","0.432, 0.889","0.491, 0.876","0.544, 0.195",0.404,0.249,0.433,0.244,0.432,0.889,0.491,0.876,Finish
8.174841508174842,17.058008005725526,27.16692108823877,32.452431016270815,60.83767655757992,165.46208107547167,164.86389660918576,181.55224419519635,176.77899598434234,"0.459, 0.254","0.543, 0.272","0.412, 0.343","0.469, 0.353","0.411, 0.501","0.481, 0.505","0.424, 0.697","0.482, 0.695","0.404, 0.251","0.432, 0.244","0.431, 0.890","0.493, 0.876","0.543, 0.195",0.404,0.251,0.432,0.244,0.431,0.89,0.493,0.876,Finish
8.208208208208209,16.797867027849787,28.556018576892047,30.596227162185247,62.746585288584704,166.0402671813379,164.92629798704297,181.37253852978787,176.27491299886069,"0.456, 0.254","0.543, 0.272","0.410, 0.345","0.468, 0.351","0.411, 0.501","0.481, 0.505","0.423, 0.697","0.482, 0.698","0.404, 0.252","0.430, 0.244","0.431, 0.891","0.494, 0.876","0.543, 0.195",0.404,0.252,0.43,0.244,0.431,0.891,0.494,0.876,Finish
