Time,Left Shoulder Angle,Right Shoulder Angle,Left Elbow Angle,Right Elbow Angle,Left Hip Angle,Right Hip Angle,Left Knee Angle,Right Knee Angle,"x, y Left Shoulder","x, y Right Shoulder","x, y Left Elbow","x, y Right Elbow","x, y Left Hip","x, y Right Hip","x, y Left Knee","x, y Right Knee","x, y Left Wrist","x, y Right Wrist","x, y Left Ankle","x, y Right Ankle","x, y Nose",Left Wrist x,Left Wrist y,Right Wrist x,Right Wrist y,Left Ankle x,Left Ankle y,Right Ankle x,Right Ankle y,Predicted_Pose
0.0,6.145257693304559,3.5952894268636597,183.7942755272141,162.38235611473002,174.9122723733774,203.44498454123053,168.65332029714713,178.90866085586677,"0.552, 0.324","0.459, 0.344","0.545, 0.410","0.472, 0.417","0.557, 0.489","0.497, 0.495","0.571, 0.612","0.478, 0.613","0.534, 0.484","0.508, 0.483","0.603, 0.710","0.462, 0.723","0.503, 0.268",0.534,0.484,0.508,0.483,0.603,0.71,0.462,0.723,Preparation
0.0333667000333667,4.8174979177511466,1.9526664487576408,184.3818643244472,166.0336406807447,174.34409174056088,203.19170702483387,169.38089766149974,179.35918332671136,"0.552, 0.324","0.459, 0.345","0.547, 0.410","0.475, 0.419","0.556, 0.488","0.497, 0.495","0.571, 0.612","0.478, 0.613","0.537, 0.485","0.508, 0.486","0.603, 0.710","0.462, 0.723","0.506, 0.266",0.537,0.485,0.508,0.486,0.603,0.71,0.462,0.723,Preparation
0.0667334000667334,4.214127261619745,0.5242818680217166,183.81496088990207,167.5706704549698,172.8748387957978,202.04307491047004,170.53773049142902,180.1657188557028,"0.552, 0.324","0.458, 0.345","0.547, 0.410","0.475, 0.420","0.554, 0.488","0.494, 0.494","0.571, 0.611","0.477, 0.613","0.537, 0.485","0.508, 0.488","0.603, 0.710","0.461, 0.722","0.507, 0.271",0.537,0.485,0.508,0.488,0.603,0.71,0.461,0.722,Preparation
0.1001001001001001,3.9660570195180607,0.288281413897162,183.55610270515703,166.9486256539668,172.029787750881,202.3017960872252,171.36005291560645,179.80978919499813,"0.552, 0.324","0.456, 0.347","0.547, 0.410","0.475, 0.421","0.553, 0.488","0.494, 0.494","0.571, 0.609","0.477, 0.613","0.537, 0.485","0.510, 0.488","0.602, 0.710","0.461, 0.722","0.506, 0.274",0.537,0.485,0.51,0.488,0.602,0.71,0.461,0.722,Preparation
0.1334668001334668,3.811411602997964,0.53682062351851,181.22663847650665,165.89772236842012,171.74857045221648,203.2210441270004,171.57256828862907,178.8316443309469,"0.552, 0.324","0.454, 0.349","0.547, 0.409","0.473, 0.423","0.553, 0.488","0.493, 0.494","0.571, 0.608","0.475, 0.613","0.540, 0.484","0.508, 0.488","0.602, 0.710","0.461, 0.722","0.504, 0.276",0.54,0.484,0.508,0.488,0.602,0.71,0.461,0.722,Preparation
0.1668335001668335,3.122266136876634,0.3818714140643106,180.55989391679051,167.53626648356385,170.12507704554844,202.002568617936,171.5355788629553,178.74245999996256,"0.552, 0.325","0.451, 0.350","0.546, 0.409","0.471, 0.423","0.550, 0.488","0.488, 0.495","0.568, 0.606","0.473, 0.613","0.540, 0.482","0.503, 0.486","0.601, 0.710","0.461, 0.721","0.500, 0.294",0.54,0.482,0.503,0.486,0.601,0.71,0.461,0.721,Preparation
0.2002002002002002,3.062014401753953,0.6759403469713519,178.5269576232759,165.48239074210994,168.49628493893172,201.7343960242482,172.24302627022587,177.8804640697332,"0.551, 0.325","0.449, 0.350","0.544, 0.409","0.467, 0.423","0.546, 0.488","0.486, 0.494","0.567, 0.605","0.471, 0.613","0.540, 0.482","0.500, 0.485","0.600, 0.710","0.461, 0.722","0.495, 0.297",0.54,0.482,0.5,0.485,0.6,0.71,0.461,0.722,Preparation
0.2335669002335669,6.258672734203412,0.7995579354405504,187.41258360866067,167.6157953855837,166.79148359751466,201.90447063460863,173.93269790805385,176.71343495481642,"0.550, 0.325","0.447, 0.350","0.538, 0.409","0.467, 0.423","0.544, 0.488","0.484, 0.494","0.567, 0.603","0.468, 0.611","0.517, 0.481","0.499, 0.485","0.600, 0.709","0.459, 0.720","0.490, 0.293",0.517,0.481,0.499,0.485,0.6,0.709,0.459,0.72,Preparation
0.2669336002669336,6.165360241212831,2.1006719057074386,185.7539914514652,169.52169901367762,165.57453760681815,201.3784896474408,174.21060005698962,176.74369575392248,"0.549, 0.325","0.446, 0.350","0.536, 0.409","0.467, 0.423","0.542, 0.488","0.482, 0.494","0.566, 0.602","0.467, 0.610","0.518, 0.481","0.498, 0.486","0.600, 0.708","0.459, 0.720","0.488, 0.292",0.518,0.481,0.498,0.486,0.6,0.708,0.459,0.72,Preparation
0.3003003003003003,5.588298957193792,1.8975737952696128,185.37947126499583,169.75545449842213,166.3707540335741,201.0870372761024,173.2067110047954,177.11718850266638,"0.549, 0.325","0.446, 0.349","0.537, 0.409","0.466, 0.423","0.541, 0.488","0.481, 0.494","0.564, 0.602","0.467, 0.610","0.519, 0.482","0.497, 0.486","0.598, 0.708","0.458, 0.720","0.485, 0.294",0.519,0.482,0.497,0.486,0.598,0.708,0.458,0.72,Preparation
0.333667000333667,5.307671582903986,1.241364951672263,184.69681613475257,168.99078200189592,167.01698347176213,200.8179262832141,172.17362534236878,177.16708153004586,"0.549, 0.325","0.446, 0.348","0.537, 0.409","0.465, 0.420","0.541, 0.487","0.481, 0.494","0.562, 0.601","0.466, 0.610","0.521, 0.481","0.496, 0.484","0.597, 0.708","0.458, 0.720","0.484, 0.293",0.521,0.481,0.496,0.484,0.597,0.708,0.458,0.72,Preparation
0.3670337003670337,6.355748674802822,0.795244558871216,182.14928004025967,168.2959532153624,166.90690086083234,200.83608185042755,172.16354158020582,177.0837983607151,"0.551, 0.326","0.447, 0.347","0.537, 0.410","0.465, 0.420","0.542, 0.487","0.482, 0.493","0.562, 0.601","0.466, 0.611","0.522, 0.481","0.497, 0.485","0.596, 0.708","0.458, 0.720","0.484, 0.306",0.522,0.481,0.497,0.485,0.596,0.708,0.458,0.72,Preparation
0.4004004004004004,6.291793344936582,0.0069826957424177,182.5323733031785,164.94574766004217,167.094874808042,199.2687794153429,170.96888529980626,177.3840530476004,"0.553, 0.326","0.451, 0.346","0.539, 0.407","0.467, 0.418","0.542, 0.487","0.482, 0.492","0.560, 0.601","0.467, 0.611","0.522, 0.479","0.500, 0.485","0.595, 0.708","0.458, 0.719","0.485, 0.302",0.522,0.479,0.5,0.485,0.595,0.708,0.458,0.719,Preparation
0.4337671004337671,5.892058527785033,1.4664462093026889,183.58888301268345,164.06346675435228,167.62248525977412,200.10382149416645,169.27806786997215,176.65972575581074,"0.558, 0.326","0.458, 0.346","0.543, 0.405","0.470, 0.418","0.544, 0.487","0.487, 0.491","0.559, 0.601","0.468, 0.610","0.524, 0.478","0.503, 0.486","0.594, 0.708","0.458, 0.718","0.489, 0.300",0.524,0.478,0.503,0.486,0.594,0.708,0.458,0.718,Preparation
0.4671338004671338,3.0314573421428905,0.023822633862968,187.66024774492595,165.29637478973478,169.77601264726206,200.8930415387472,167.71316344024956,176.74795157260397,"0.561, 0.326","0.461, 0.345","0.551, 0.405","0.475, 0.417","0.548, 0.487","0.490, 0.491","0.559, 0.601","0.470, 0.609","0.530, 0.479","0.509, 0.485","0.594, 0.708","0.457, 0.719","0.493, 0.300",0.53,0.479,0.509,0.485,0.594,0.708,0.457,0.719,Preparation
0.5005005005005005,4.982116405963484,0.8617215106412687,185.2312242356286,162.98945238746842,171.81346140070465,202.29362382698767,166.8032485964849,177.014157522304,"0.563, 0.326","0.463, 0.345","0.551, 0.405","0.477, 0.416","0.552, 0.487","0.493, 0.491","0.561, 0.602","0.471, 0.609","0.532, 0.479","0.513, 0.486","0.594, 0.709","0.456, 0.719","0.494, 0.302",0.532,0.479,0.513,0.486,0.594,0.709,0.456,0.719,Preparation
0.5338672005338673,5.94120313813907,1.3194578627351108,184.64655449747747,161.35044896384474,172.13993000738168,202.74244700582864,166.91412795230434,177.57010483214867,"0.565, 0.326","0.465, 0.345","0.551, 0.404","0.477, 0.416","0.554, 0.488","0.495, 0.492","0.561, 0.602","0.472, 0.608","0.532, 0.478","0.516, 0.486","0.594, 0.708","0.455, 0.716","0.497, 0.301",0.532,0.478,0.516,0.486,0.594,0.708,0.455,0.716,Preparation
0.5672339005672339,6.440240929894804,1.4690203262699406,183.40620517227325,161.63043214731687,172.68714654967556,203.009686801315,166.5067306317054,178.3320959465631,"0.565, 0.326","0.465, 0.344","0.551, 0.404","0.478, 0.415","0.554, 0.488","0.495, 0.492","0.562, 0.602","0.472, 0.607","0.533, 0.479","0.516, 0.486","0.594, 0.708","0.454, 0.712","0.499, 0.300",0.533,0.479,0.516,0.486,0.594,0.708,0.454,0.712,Preparation
0.6006006006006006,6.512918637500789,0.9434465828268036,182.6104091363649,162.92831452162312,172.9477591876943,202.96999282149903,166.4162764658722,178.85953273382984,"0.565, 0.326","0.465, 0.344","0.551, 0.404","0.478, 0.415","0.555, 0.488","0.495, 0.493","0.562, 0.602","0.473, 0.607","0.534, 0.480","0.516, 0.486","0.594, 0.707","0.454, 0.711","0.499, 0.300",0.534,0.48,0.516,0.486,0.594,0.707,0.454,0.711,Preparation
0.6339673006339673,3.1375921313385158,0.1673439296235955,178.41001253457483,164.95339037434502,172.93791980906073,202.3098498490464,166.41324337435202,180.27439470299305,"0.564, 0.326","0.464, 0.344","0.555, 0.403","0.479, 0.414","0.555, 0.488","0.495, 0.493","0.562, 0.603","0.474, 0.607","0.548, 0.484","0.515, 0.486","0.594, 0.707","0.454, 0.711","0.500, 0.301",0.548,0.484,0.515,0.486,0.594,0.707,0.454,0.711,Preparation
0.6673340006673341,5.210260963886285,0.2622385404131003,178.99426108615543,168.65064624905108,172.33558818282054,201.77480935878864,166.67297577723622,180.54563314084507,"0.564, 0.326","0.464, 0.344","0.552, 0.402","0.479, 0.414","0.554, 0.489","0.495, 0.493","0.562, 0.605","0.474, 0.608","0.542, 0.479","0.509, 0.486","0.594, 0.707","0.454, 0.715","0.500, 0.300",0.542,0.479,0.509,0.486,0.594,0.707,0.454,0.715,Preparation
0.7007007007007008,4.036218797734586,1.2084195382242098,177.64917253038232,166.2583293990159,170.6926809938723,200.13619822442976,168.02200392279673,181.70575440603287,"0.563, 0.326","0.464, 0.343","0.552, 0.403","0.476, 0.414","0.552, 0.489","0.493, 0.493","0.562, 0.606","0.474, 0.609","0.545, 0.479","0.507, 0.486","0.594, 0.707","0.453, 0.715","0.498, 0.300",0.545,0.479,0.507,0.486,0.594,0.707,0.453,0.715,Preparation
0.7340674007340674,8.87596334228258,0.2635748913480133,179.25136376970525,166.00347055769413,168.7032684791398,198.92029033548036,169.82731211698984,184.5101168711425,"0.559, 0.326","0.457, 0.345","0.541, 0.405","0.472, 0.416","0.548, 0.491","0.488, 0.494","0.563, 0.608","0.474, 0.611","0.525, 0.480","0.506, 0.486","0.594, 0.708","0.452, 0.716","0.494, 0.299",0.525,0.48,0.506,0.486,0.594,0.708,0.452,0.716,Preparation
0.7674341007674341,7.331842839678327,0.1539552297083542,181.25919048882287,166.7127651317411,167.65223342199823,198.3374467393779,170.6644977517467,183.33433128311677,"0.556, 0.327","0.454, 0.345","0.540, 0.410","0.468, 0.416","0.545, 0.492","0.484, 0.495","0.562, 0.608","0.470, 0.612","0.523, 0.483","0.501, 0.487","0.594, 0.707","0.451, 0.716","0.491, 0.293",0.523,0.483,0.501,0.487,0.594,0.707,0.451,0.716,Preparation
0.8008008008008008,11.006404705855124,1.475125376101999,180.0350282862899,167.72559512909064,165.91126219841863,199.6937770906805,171.72909254493356,179.78283592675146,"0.552, 0.327","0.449, 0.345","0.530, 0.409","0.466, 0.417","0.540, 0.492","0.480, 0.495","0.561, 0.608","0.464, 0.611","0.510, 0.482","0.499, 0.487","0.593, 0.707","0.450, 0.716","0.487, 0.290",0.51,0.482,0.499,0.487,0.593,0.707,0.45,0.716,Preparation
0.8341675008341676,8.373124256596338,1.2413510911030554,186.1579615483706,170.892543990824,165.77856870580436,200.1601313963313,171.10957082066048,178.31108099578103,"0.548, 0.327","0.446, 0.345","0.530, 0.410","0.463, 0.418","0.537, 0.492","0.478, 0.495","0.558, 0.608","0.461, 0.611","0.506, 0.482","0.492, 0.489","0.593, 0.708","0.449, 0.716","0.483, 0.290",0.506,0.482,0.492,0.489,0.593,0.708,0.449,0.716,Preparation
0.8675342008675342,7.956285564562965,0.5776422104386946,188.92888879345816,169.1465247410051,165.55851856501783,200.3796733451772,170.20949420358514,178.724031315065,"0.546, 0.327","0.446, 0.345","0.528, 0.410","0.463, 0.418","0.534, 0.492","0.479, 0.495","0.555, 0.607","0.462, 0.611","0.501, 0.482","0.494, 0.490","0.593, 0.710","0.449, 0.717","0.480, 0.289",0.501,0.482,0.494,0.49,0.593,0.71,0.449,0.717,Preparation
0.9009009009009008,7.447696805352456,0.4820345013459339,188.09623808409265,168.73834301703909,165.08506780651388,200.66764233193743,170.0909900467127,178.2115491267442,"0.546, 0.327","0.446, 0.344","0.528, 0.409","0.462, 0.417","0.533, 0.491","0.479, 0.495","0.555, 0.607","0.461, 0.612","0.502, 0.482","0.495, 0.490","0.593, 0.711","0.449, 0.717","0.480, 0.289",0.502,0.482,0.495,0.49,0.593,0.711,0.449,0.717,Preparation
0.9342676009342676,7.805782402763587,0.2235955613364549,187.25673924871927,167.16240160032842,164.9293863871596,200.49372034149,169.91669688973465,178.62296401660845,"0.546, 0.327","0.446, 0.343","0.528, 0.409","0.462, 0.417","0.533, 0.490","0.479, 0.495","0.554, 0.606","0.462, 0.612","0.502, 0.481","0.495, 0.489","0.593, 0.711","0.449, 0.717","0.480, 0.289",0.502,0.481,0.495,0.489,0.593,0.711,0.449,0.717,Preparation
0.9676343009676344,7.713182048324728,1.995359887317237,185.99663098754124,164.28671917085012,165.5780783380501,200.9265359876917,169.78608991765444,178.33643866721667,"0.546, 0.326","0.445, 0.343","0.528, 0.409","0.459, 0.419","0.534, 0.490","0.479, 0.494","0.554, 0.606","0.462, 0.611","0.505, 0.481","0.494, 0.490","0.593, 0.711","0.449, 0.716","0.479, 0.287",0.505,0.481,0.494,0.49,0.593,0.711,0.449,0.716,Preparation
1.001001001001001,7.571785155476184,1.1010283317169065,185.96982100217295,166.03072078056053,165.6787873923432,201.86336775263956,169.7521569433642,178.0075988273736,"0.546, 0.326","0.444, 0.345","0.529, 0.409","0.460, 0.420","0.534, 0.490","0.479, 0.494","0.555, 0.607","0.461, 0.611","0.505, 0.482","0.495, 0.490","0.594, 0.712","0.449, 0.716","0.480, 0.289",0.505,0.482,0.495,0.49,0.594,0.712,0.449,0.716,Preparation
1.0343677010343677,4.581974008703983,1.1813566291801472,184.0604727938144,166.40240889819535,166.78975002275718,201.90847739543236,168.91730181548888,179.0726236448144,"0.547, 0.325","0.444, 0.345","0.534, 0.409","0.461, 0.420","0.536, 0.489","0.480, 0.495","0.555, 0.607","0.463, 0.612","0.518, 0.483","0.495, 0.490","0.594, 0.712","0.449, 0.716","0.481, 0.296",0.518,0.483,0.495,0.49,0.594,0.712,0.449,0.716,Preparation
1.0677344010677343,5.436975290621584,1.5428273798817755,181.71346126177545,164.74147405683703,167.21380782068172,201.7173445882412,170.6712474945167,180.11072702748706,"0.547, 0.326","0.445, 0.345","0.534, 0.409","0.461, 0.420","0.538, 0.490","0.481, 0.496","0.558, 0.608","0.464, 0.612","0.521, 0.484","0.497, 0.491","0.595, 0.712","0.449, 0.716","0.481, 0.303",0.521,0.484,0.497,0.491,0.595,0.712,0.449,0.716,Preparation
1.1011011011011012,6.835612919180581,1.917773213952408,178.86957406254828,163.6659072501667,167.30821024146277,202.54041829605893,173.32211434037015,179.91206531547206,"0.547, 0.326","0.445, 0.346","0.534, 0.408","0.461, 0.421","0.541, 0.492","0.483, 0.498","0.563, 0.609","0.465, 0.613","0.523, 0.485","0.499, 0.491","0.595, 0.713","0.450, 0.715","0.481, 0.305",0.523,0.485,0.499,0.491,0.595,0.713,0.45,0.715,Preparation
1.1344678011344678,7.651766105919322,1.8609434888739127,177.49506701020496,163.05290260527616,167.54539300507955,202.96638490403203,174.38867482350344,179.8957995002802,"0.547, 0.326","0.445, 0.346","0.534, 0.408","0.462, 0.421","0.542, 0.493","0.484, 0.498","0.564, 0.610","0.465, 0.614","0.524, 0.485","0.501, 0.491","0.595, 0.713","0.450, 0.715","0.481, 0.305",0.524,0.485,0.501,0.491,0.595,0.713,0.45,0.715,Preparation
1.1678345011678346,8.18074469678376,1.95155877357948,177.01684721415245,163.42363976512144,168.77929782875998,203.48984592548933,173.70713577348454,179.6706376363648,"0.547, 0.326","0.446, 0.347","0.534, 0.408","0.462, 0.421","0.544, 0.493","0.484, 0.498","0.564, 0.610","0.466, 0.614","0.525, 0.486","0.502, 0.493","0.595, 0.714","0.450, 0.714","0.481, 0.304",0.525,0.486,0.502,0.493,0.595,0.714,0.45,0.714,Preparation
1.2012012012012012,8.343472853293488,2.0861193942481058,177.07102709653023,163.53006101903568,169.2710849784753,203.50811900631408,173.58509660429817,179.63028992888667,"0.547, 0.326","0.446, 0.347","0.534, 0.408","0.462, 0.422","0.545, 0.493","0.485, 0.499","0.565, 0.610","0.466, 0.614","0.525, 0.486","0.502, 0.494","0.595, 0.714","0.450, 0.713","0.481, 0.305",0.525,0.486,0.502,0.494,0.595,0.714,0.45,0.713,Preparation
1.234567901234568,8.868174957220768,1.9498431497108677,175.0381922440276,164.6491172232154,169.48899808928562,203.8516130504048,173.88837496429264,179.29767129897712,"0.547, 0.326","0.448, 0.347","0.534, 0.407","0.464, 0.422","0.545, 0.493","0.486, 0.498","0.565, 0.609","0.466, 0.614","0.527, 0.486","0.502, 0.495","0.595, 0.713","0.450, 0.712","0.482, 0.304",0.527,0.486,0.502,0.495,0.595,0.713,0.45,0.712,Preparation
1.267934601267935,10.458463185984897,2.0844097255257954,233.92300181913657,164.764384760943,169.44903903105185,203.96033437666932,174.00272961226858,179.46298739193765,"0.547, 0.326","0.448, 0.347","0.533, 0.400","0.464, 0.421","0.545, 0.493","0.486, 0.498","0.565, 0.609","0.466, 0.613","0.520, 0.406","0.502, 0.494","0.595, 0.713","0.450, 0.712","0.481, 0.303",0.52,0.406,0.502,0.494,0.595,0.713,0.45,0.712,Preparation
1.3013013013013013,10.396012316697496,1.8765399072770024,178.5932770879354,165.2808322694018,169.3721139842718,204.09697081756204,174.15045821983475,179.60641982578622,"0.547, 0.326","0.448, 0.347","0.533, 0.400","0.464, 0.420","0.545, 0.493","0.486, 0.498","0.565, 0.607","0.466, 0.613","0.523, 0.457","0.502, 0.494","0.595, 0.713","0.449, 0.711","0.483, 0.306",0.523,0.457,0.502,0.494,0.595,0.713,0.449,0.711,Preparation
1.334668001334668,10.386993708066427,1.9117012009249432,176.13404091411218,165.27163789473093,169.31527218316373,204.16861483739132,173.98563354366135,179.68930485071328,"0.547, 0.326","0.448, 0.347","0.533, 0.401","0.464, 0.421","0.545, 0.492","0.486, 0.497","0.565, 0.607","0.466, 0.613","0.524, 0.471","0.501, 0.494","0.595, 0.712","0.449, 0.711","0.484, 0.310",0.524,0.471,0.501,0.494,0.595,0.712,0.449,0.711,Preparation
1.3680347013680347,9.361330068065138,1.7253175504937386,177.39353686662943,166.74322785614058,169.24465998125774,204.5395552138573,173.97938264073323,179.82004835226988,"0.547, 0.326","0.448, 0.347","0.534, 0.402","0.464, 0.421","0.545, 0.492","0.486, 0.497","0.565, 0.606","0.465, 0.613","0.524, 0.478","0.499, 0.492","0.595, 0.711","0.448, 0.711","0.484, 0.299",0.524,0.478,0.499,0.492,0.595,0.711,0.448,0.711,Preparation
1.4014014014014016,8.042130152915442,1.3748215528546206,179.48990500465237,169.77171286111297,169.26232208801108,205.1336337995456,173.9169422616146,179.64636551845632,"0.547, 0.326","0.447, 0.348","0.535, 0.406","0.464, 0.422","0.545, 0.492","0.486, 0.498","0.565, 0.606","0.465, 0.612","0.524, 0.484","0.495, 0.492","0.595, 0.711","0.448, 0.711","0.490, 0.302",0.524,0.484,0.495,0.492,0.595,0.711,0.448,0.711,Preparation
1.4347681014347682,7.658263754369591,1.2595400443722984,180.62885096397267,170.24476431099484,169.71587139809677,205.2681271211262,173.8441328371266,179.6330842093825,"0.546, 0.326","0.446, 0.348","0.535, 0.408","0.464, 0.422","0.545, 0.492","0.486, 0.498","0.565, 0.606","0.465, 0.612","0.523, 0.484","0.494, 0.491","0.595, 0.710","0.448, 0.711","0.490, 0.275",0.523,0.484,0.494,0.491,0.595,0.71,0.448,0.711,Preparation
1.4681348014681348,5.81954111989518,1.1657556647938394,182.7936809217981,171.04673645679935,170.15846544545656,205.56673591853016,173.72247741167,179.62970236143306,"0.545, 0.326","0.446, 0.350","0.536, 0.411","0.464, 0.424","0.545, 0.492","0.486, 0.497","0.565, 0.606","0.465, 0.612","0.525, 0.486","0.495, 0.496","0.595, 0.710","0.448, 0.711","0.491, 0.275",0.525,0.486,0.495,0.496,0.595,0.71,0.448,0.711,Preparation
1.5015015015015016,4.8454528267475165,1.1210814176477888,183.0430193527975,171.48005332174924,170.48818973275684,205.7588861913838,173.72590379882104,179.67425496932472,"0.544, 0.326","0.445, 0.351","0.537, 0.411","0.464, 0.426","0.545, 0.492","0.486, 0.497","0.565, 0.606","0.465, 0.612","0.528, 0.486","0.495, 0.498","0.595, 0.709","0.448, 0.711","0.491, 0.278",0.528,0.486,0.495,0.498,0.595,0.709,0.448,0.711,Preparation
1.5348682015348682,4.65459094711225,1.2215089822225953,183.12836475936965,171.1949786943201,170.59086274723347,205.97209154476,173.5886823962497,179.59707067620155,"0.543, 0.327","0.445, 0.352","0.537, 0.412","0.464, 0.427","0.545, 0.491","0.486, 0.497","0.565, 0.606","0.465, 0.612","0.528, 0.486","0.495, 0.498","0.595, 0.709","0.447, 0.711","0.491, 0.281",0.528,0.486,0.495,0.498,0.595,0.709,0.447,0.711,Preparation
1.5682349015682349,4.062793517568511,1.446893189950146,183.60455158917907,170.6930647820477,170.7199984780265,205.99802616282884,173.0911622118175,179.646789144306,"0.543, 0.327","0.445, 0.352","0.538, 0.412","0.464, 0.428","0.545, 0.491","0.486, 0.497","0.565, 0.606","0.465, 0.612","0.529, 0.486","0.495, 0.499","0.596, 0.708","0.447, 0.711","0.493, 0.272",0.529,0.486,0.495,0.499,0.596,0.708,0.447,0.711,Preparation
1.6016016016016017,3.707562793848054,1.4921316778896851,184.5895962296174,169.55817864434582,170.8085048188101,206.0262037907441,172.97649912860317,179.693034246453,"0.543, 0.327","0.445, 0.352","0.539, 0.412","0.464, 0.427","0.545, 0.491","0.486, 0.497","0.565, 0.606","0.465, 0.612","0.529, 0.486","0.497, 0.498","0.596, 0.708","0.447, 0.711","0.500, 0.266",0.529,0.486,0.497,0.498,0.596,0.708,0.447,0.711,Preparation
1.6349683016349683,3.708342458065655,1.5239914656169966,183.69442444069423,168.24634030619185,170.95863307440786,205.9350961099397,172.8110017328684,179.77853742561243,"0.543, 0.327","0.445, 0.352","0.539, 0.412","0.464, 0.427","0.545, 0.491","0.486, 0.497","0.565, 0.606","0.465, 0.612","0.530, 0.487","0.499, 0.498","0.596, 0.708","0.447, 0.711","0.504, 0.265",0.53,0.487,0.499,0.498,0.596,0.708,0.447,0.711,Preparation
1.6683350016683351,3.6423938456212985,1.5772606686902828,183.92548586595456,167.42760721172763,171.04887837507547,205.76220183744093,172.78406680328072,179.95490568033924,"0.543, 0.327","0.445, 0.352","0.539, 0.412","0.464, 0.427","0.545, 0.491","0.486, 0.497","0.565, 0.606","0.465, 0.612","0.530, 0.488","0.499, 0.498","0.596, 0.708","0.447, 0.711","0.505, 0.266",0.53,0.488,0.499,0.498,0.596,0.708,0.447,0.711,Preparation
1.7017017017017018,3.7065954017149534,1.789415428078748,184.110987858938,166.58472435516032,171.39655346856722,205.7874057699865,172.6623401515473,179.985553760054,"0.542, 0.327","0.445, 0.352","0.538, 0.412","0.464, 0.427","0.545, 0.490","0.486, 0.497","0.565, 0.606","0.465, 0.612","0.529, 0.487","0.499, 0.496","0.596, 0.708","0.447, 0.711","0.505, 0.266",0.529,0.487,0.499,0.496,0.596,0.708,0.447,0.711,Preparation
1.7350684017350684,3.630174111775154,1.9799742512535812,184.43922620635104,166.3090528868865,171.6116224311241,205.7550841132936,172.66121635803995,179.99848151576626,"0.542, 0.327","0.445, 0.352","0.538, 0.412","0.464, 0.427","0.545, 0.490","0.486, 0.496","0.565, 0.606","0.465, 0.612","0.529, 0.488","0.499, 0.496","0.596, 0.708","0.447, 0.712","0.502, 0.268",0.529,0.488,0.499,0.496,0.596,0.708,0.447,0.712,Preparation
1.7684351017684352,3.593000480347442,2.1091324772166447,185.17117213782777,166.33193318518445,171.72283722581497,205.6395876304754,172.67123074303868,180.12464513759295,"0.542, 0.327","0.445, 0.352","0.538, 0.413","0.464, 0.428","0.546, 0.490","0.486, 0.496","0.565, 0.606","0.465, 0.612","0.529, 0.488","0.499, 0.496","0.596, 0.708","0.447, 0.712","0.502, 0.267",0.529,0.488,0.499,0.496,0.596,0.708,0.447,0.712,Preparation
1.8018018018018016,3.444303426578253,2.22436661291047,185.4851238873378,165.9450350395716,171.76410713153894,205.5937018385993,172.63941282094206,179.94506144546278,"0.542, 0.327","0.445, 0.352","0.538, 0.413","0.463, 0.428","0.545, 0.489","0.486, 0.496","0.565, 0.606","0.465, 0.612","0.529, 0.488","0.499, 0.496","0.596, 0.708","0.448, 0.714","0.502, 0.268",0.529,0.488,0.499,0.496,0.596,0.708,0.448,0.714,Preparation
1.8351685018351689,3.9711346463989496,2.699066079861915,184.62816583138783,164.94460273178427,171.65992923772305,205.57470138637171,172.3867819550126,179.80721092697755,"0.542, 0.327","0.445, 0.351","0.538, 0.414","0.463, 0.427","0.546, 0.488","0.486, 0.496","0.565, 0.606","0.465, 0.612","0.528, 0.488","0.499, 0.495","0.596, 0.707","0.448, 0.714","0.501, 0.276",0.528,0.488,0.499,0.495,0.596,0.707,0.448,0.714,Preparation
1.8685352018685355,4.718907737838817,2.5990860504200644,183.53008520005488,164.26791487294423,170.82088075238565,205.4831124514452,172.229536408022,179.58416882023752,"0.545, 0.328","0.445, 0.351","0.538, 0.414","0.463, 0.427","0.545, 0.489","0.486, 0.496","0.565, 0.606","0.465, 0.612","0.528, 0.487","0.499, 0.494","0.596, 0.707","0.448, 0.715","0.498, 0.286",0.528,0.487,0.499,0.494,0.596,0.707,0.448,0.715,Preparation
1.901901901901902,5.202055531136554,2.439635404555788,182.8401645503476,163.6974048377135,170.234828331666,205.40274902906808,172.04022448967993,179.63377727893655,"0.547, 0.327","0.445, 0.352","0.538, 0.414","0.463, 0.427","0.545, 0.489","0.485, 0.496","0.565, 0.606","0.465, 0.612","0.527, 0.487","0.500, 0.494","0.596, 0.707","0.448, 0.715","0.496, 0.288",0.527,0.487,0.5,0.494,0.596,0.707,0.448,0.715,Preparation
1.9352686019352687,5.283623967310037,2.2627092808230667,182.58424373213015,163.9020427737223,169.7214098018516,205.32254863642743,172.0542779537661,179.73954456076137,"0.548, 0.328","0.445, 0.352","0.538, 0.414","0.463, 0.427","0.545, 0.489","0.485, 0.496","0.564, 0.606","0.465, 0.612","0.527, 0.488","0.500, 0.494","0.596, 0.707","0.448, 0.715","0.491, 0.304",0.527,0.488,0.5,0.494,0.596,0.707,0.448,0.715,Preparation
1.9686353019686356,5.563486785820831,2.0821734984661373,181.9475134060349,164.15316466940052,169.2259591160396,205.03536937748265,172.06540058100524,180.01342253450062,"0.549, 0.328","0.445, 0.352","0.538, 0.414","0.463, 0.427","0.545, 0.489","0.485, 0.497","0.564, 0.606","0.466, 0.612","0.527, 0.488","0.500, 0.494","0.596, 0.707","0.448, 0.715","0.489, 0.311",0.527,0.488,0.5,0.494,0.596,0.707,0.448,0.715,Preparation
2.002002002002002,5.587864449746829,1.934113852832811,181.9398810633408,165.1922380926696,169.22318771124014,205.1564704770763,171.8125401769225,179.94475789997853,"0.549, 0.328","0.444, 0.352","0.538, 0.414","0.463, 0.427","0.545, 0.489","0.485, 0.497","0.564, 0.606","0.466, 0.612","0.527, 0.489","0.499, 0.494","0.596, 0.707","0.448, 0.716","0.486, 0.309",0.527,0.489,0.499,0.494,0.596,0.707,0.448,0.716,Preparation
2.035368702035369,5.644556833601492,2.031224710327061,184.0125031108677,164.97743518814607,169.36643976805394,205.05867956517676,171.6492167770436,179.5171790143403,"0.549, 0.329","0.444, 0.352","0.538, 0.414","0.462, 0.427","0.545, 0.490","0.485, 0.498","0.564, 0.606","0.466, 0.612","0.523, 0.489","0.499, 0.494","0.596, 0.708","0.449, 0.718","0.483, 0.308",0.523,0.489,0.499,0.494,0.596,0.708,0.449,0.718,Preparation
2.0687354020687354,5.746339145738944,1.972449476533087,184.0011909270209,165.0300383036206,169.319987437413,204.9594809303604,171.80608395365562,179.78178633235964,"0.548, 0.330","0.444, 0.352","0.538, 0.415","0.462, 0.427","0.545, 0.491","0.485, 0.498","0.564, 0.606","0.466, 0.612","0.523, 0.490","0.499, 0.494","0.596, 0.708","0.449, 0.717","0.482, 0.309",0.523,0.49,0.499,0.494,0.596,0.708,0.449,0.717,Preparation
2.1021021021021022,6.555341498940011,1.927211695076089,183.4412568532672,165.09639957013326,169.49110233883204,205.04345003251888,171.7852996130109,179.86033533657806,"0.548, 0.330","0.444, 0.352","0.536, 0.414","0.462, 0.427","0.544, 0.491","0.485, 0.498","0.563, 0.606","0.466, 0.612","0.521, 0.490","0.498, 0.494","0.596, 0.708","0.449, 0.717","0.481, 0.307",0.521,0.49,0.498,0.494,0.596,0.708,0.449,0.717,Preparation
2.135468802135469,7.1955847988884845,1.9469514857030248,183.91317843632095,164.99197773080627,169.70958746829174,205.0308088081495,171.50984937382418,179.92306963307158,"0.547, 0.331","0.443, 0.352","0.535, 0.414","0.462, 0.427","0.544, 0.491","0.485, 0.498","0.563, 0.606","0.466, 0.612","0.519, 0.489","0.498, 0.494","0.596, 0.708","0.449, 0.717","0.479, 0.308",0.519,0.489,0.498,0.494,0.596,0.708,0.449,0.717,Preparation
2.1688355021688355,7.334339423501564,1.5193274390347409,183.9857685604762,166.1517703356694,170.07217474111476,205.10530320902475,171.54998918906008,179.71105583284523,"0.546, 0.330","0.443, 0.352","0.535, 0.410","0.462, 0.426","0.544, 0.492","0.485, 0.499","0.563, 0.606","0.466, 0.612","0.518, 0.489","0.498, 0.493","0.596, 0.709","0.449, 0.716","0.479, 0.306",0.518,0.489,0.498,0.493,0.596,0.709,0.449,0.716,Preparation
2.2022022022022023,7.55998463880306,1.7010150203327536,183.08111915130104,167.53524396150945,170.16768245360336,205.18147296538552,171.91946959757718,179.4482896822257,"0.545, 0.330","0.444, 0.352","0.534, 0.409","0.462, 0.426","0.544, 0.492","0.485, 0.499","0.563, 0.606","0.466, 0.612","0.518, 0.488","0.495, 0.493","0.595, 0.709","0.449, 0.716","0.478, 0.306",0.518,0.488,0.495,0.493,0.595,0.709,0.449,0.716,Preparation
2.235568902235569,7.609199828802054,1.7776705813861489,182.670570302658,168.2136133622479,170.20776769242497,205.3189315111727,172.12511981282438,179.21610484098767,"0.545, 0.329","0.444, 0.352","0.534, 0.408","0.462, 0.426","0.544, 0.492","0.485, 0.499","0.563, 0.606","0.465, 0.612","0.519, 0.487","0.494, 0.493","0.595, 0.709","0.449, 0.716","0.477, 0.306",0.519,0.487,0.494,0.493,0.595,0.709,0.449,0.716,Preparation
2.2689356022689355,7.597556099864509,1.7564696854323063,182.4759337058568,169.19282094713645,171.08758300224963,205.74170193310167,172.21761649341266,178.86825164156258,"0.542, 0.329","0.444, 0.352","0.532, 0.407","0.462, 0.426","0.544, 0.492","0.485, 0.499","0.562, 0.606","0.465, 0.611","0.519, 0.487","0.493, 0.493","0.595, 0.709","0.449, 0.715","0.475, 0.303",0.519,0.487,0.493,0.493,0.595,0.709,0.449,0.715,Preparation
2.3023023023023024,8.031764521179646,2.1426462677222604,181.578858338786,168.36074834936,171.40259452609337,206.69962482390608,172.27322459629175,178.43938279305854,"0.541, 0.329","0.443, 0.353","0.531, 0.407","0.461, 0.426","0.544, 0.492","0.485, 0.499","0.562, 0.606","0.465, 0.610","0.519, 0.487","0.493, 0.493","0.594, 0.709","0.449, 0.714","0.476, 0.304",0.519,0.487,0.493,0.493,0.594,0.709,0.449,0.714,Preparation
2.335669002335669,8.620842274377923,1.8686454566884132,180.67443366471556,168.58368945368238,171.70859501282507,207.5169254739756,172.34472957543062,178.24843010303508,"0.541, 0.328","0.441, 0.354","0.530, 0.406","0.461, 0.426","0.544, 0.492","0.485, 0.499","0.563, 0.606","0.465, 0.609","0.519, 0.485","0.494, 0.492","0.594, 0.709","0.449, 0.714","0.476, 0.305",0.519,0.485,0.494,0.492,0.594,0.709,0.449,0.714,Preparation
2.369035702369036,8.333361825964184,1.5574578350520747,179.85214250613282,170.42717997153372,171.71566068387622,208.0966568729484,172.6662015243572,177.89185733541538,"0.540, 0.327","0.440, 0.354","0.530, 0.405","0.461, 0.426","0.544, 0.492","0.485, 0.499","0.563, 0.606","0.465, 0.608","0.521, 0.485","0.492, 0.492","0.594, 0.709","0.449, 0.714","0.474, 0.303",0.521,0.485,0.492,0.492,0.594,0.709,0.449,0.714,Preparation
2.4024024024024024,8.009469485085221,1.57208557815556,177.54443642452367,171.80831036271178,171.73093112968695,208.4297699468648,172.74808263691477,177.28155804117395,"0.539, 0.327","0.440, 0.355","0.530, 0.406","0.460, 0.427","0.543, 0.492","0.485, 0.499","0.563, 0.606","0.464, 0.608","0.525, 0.485","0.491, 0.495","0.594, 0.709","0.449, 0.714","0.472, 0.304",0.525,0.485,0.491,0.495,0.594,0.709,0.449,0.714,Preparation
2.4357691024357693,8.063416963940481,1.9949694205740152,177.1746380373176,171.21997973624084,171.43003190256331,208.4278541766513,173.01073654524535,176.5537860087312,"0.539, 0.327","0.439, 0.355","0.530, 0.407","0.459, 0.427","0.543, 0.492","0.485, 0.499","0.563, 0.605","0.463, 0.608","0.524, 0.486","0.490, 0.495","0.594, 0.709","0.449, 0.714","0.471, 0.303",0.524,0.486,0.49,0.495,0.594,0.709,0.449,0.714,Preparation
2.469135802469136,7.83365839288875,1.6564609286027556,178.0508517921159,171.3392254803266,171.21021675815552,207.7942752888788,173.25654220828554,176.77819704399283,"0.539, 0.327","0.439, 0.354","0.530, 0.407","0.459, 0.427","0.542, 0.492","0.484, 0.499","0.563, 0.606","0.463, 0.610","0.523, 0.485","0.490, 0.495","0.594, 0.709","0.449, 0.716","0.471, 0.300",0.523,0.485,0.49,0.495,0.594,0.709,0.449,0.716,Preparation
2.5025025025025025,7.815631152833233,1.276915096588814,177.99907494696595,172.80681692716394,171.13985064889127,207.61541265700893,173.2384627406499,176.69633819284851,"0.539, 0.328","0.439, 0.354","0.530, 0.407","0.459, 0.427","0.542, 0.492","0.483, 0.499","0.563, 0.606","0.463, 0.610","0.523, 0.486","0.489, 0.496","0.594, 0.709","0.449, 0.716","0.471, 0.299",0.523,0.486,0.489,0.496,0.594,0.709,0.449,0.716,Preparation
2.5358692025358693,7.276967421511912,2.114628409254668,178.3666086290295,172.68185846671284,171.11117492330786,207.83981045080995,173.38780771252618,176.2426434832461,"0.538, 0.328","0.439, 0.354","0.530, 0.408","0.458, 0.428","0.542, 0.492","0.483, 0.499","0.563, 0.606","0.462, 0.610","0.524, 0.486","0.487, 0.497","0.594, 0.709","0.449, 0.716","0.471, 0.298",0.524,0.486,0.487,0.497,0.594,0.709,0.449,0.716,Preparation
2.569235902569236,6.092130430620669,2.4425946907864304,180.4906709998203,173.46910977373287,170.94873570090877,208.2260877794793,174.04490279832555,175.43748170320305,"0.537, 0.328","0.438, 0.354","0.531, 0.408","0.458, 0.429","0.542, 0.492","0.483, 0.499","0.564, 0.606","0.461, 0.611","0.524, 0.486","0.485, 0.498","0.594, 0.709","0.449, 0.716","0.470, 0.298",0.524,0.486,0.485,0.498,0.594,0.709,0.449,0.716,Preparation
2.6026026026026026,5.448268514487672,2.1477662289960846,181.48278998885732,174.05791776408947,170.86716591354406,208.4967147940379,174.1498786755998,174.74636787236176,"0.537, 0.328","0.437, 0.354","0.531, 0.409","0.457, 0.429","0.542, 0.492","0.482, 0.500","0.564, 0.607","0.460, 0.612","0.524, 0.486","0.484, 0.498","0.594, 0.709","0.449, 0.716","0.469, 0.297",0.524,0.486,0.484,0.498,0.594,0.709,0.449,0.716,Preparation
2.6359693026359694,4.420828806779853,1.9090668840453944,183.1447893738305,173.75988048153138,170.59384054624292,208.13874999411323,174.2940147863049,174.69049614182407,"0.537, 0.328","0.437, 0.354","0.533, 0.410","0.457, 0.429","0.541, 0.492","0.482, 0.500","0.564, 0.607","0.459, 0.613","0.524, 0.488","0.484, 0.498","0.594, 0.710","0.449, 0.716","0.469, 0.297",0.524,0.488,0.484,0.498,0.594,0.71,0.449,0.716,Preparation
2.669336002669336,3.7291315505375744,1.6081139200137948,184.65363385567625,173.4580373690919,170.4321609450305,207.8942645120249,174.1410364164439,174.6473325051123,"0.537, 0.328","0.437, 0.354","0.533, 0.411","0.457, 0.429","0.541, 0.493","0.481, 0.500","0.563, 0.608","0.459, 0.613","0.524, 0.489","0.485, 0.498","0.594, 0.710","0.449, 0.717","0.468, 0.297",0.524,0.489,0.485,0.498,0.594,0.71,0.449,0.717,Preparation
2.702702702702702,3.361576929589958,1.30235915550528,185.02855981766945,173.57271742647964,170.56248908841852,207.68612479765895,173.43416032027798,174.98898199487044,"0.536, 0.328","0.437, 0.354","0.534, 0.411","0.457, 0.428","0.540, 0.493","0.481, 0.500","0.562, 0.608","0.459, 0.614","0.524, 0.489","0.485, 0.497","0.594, 0.710","0.448, 0.718","0.467, 0.297",0.524,0.489,0.485,0.497,0.594,0.71,0.448,0.718,Preparation
2.736069402736069,3.258148931669316,1.019586528550395,185.38079069706865,170.7635543380303,170.74578807975558,207.7860161798781,172.97760634886856,175.19046162965125,"0.537, 0.328","0.436, 0.354","0.534, 0.411","0.457, 0.427","0.540, 0.492","0.481, 0.500","0.562, 0.608","0.459, 0.614","0.524, 0.489","0.488, 0.492","0.594, 0.711","0.448, 0.718","0.467, 0.299",0.524,0.489,0.488,0.492,0.594,0.711,0.448,0.718,Preparation
2.7694361027694363,3.196232579016306,0.8391605750003925,185.53046154407053,169.22222547494513,170.85784431175708,207.8321571645333,172.6707640474648,175.30666199004062,"0.537, 0.328","0.436, 0.354","0.534, 0.411","0.457, 0.427","0.540, 0.492","0.481, 0.499","0.561, 0.608","0.459, 0.614","0.523, 0.489","0.490, 0.490","0.594, 0.711","0.448, 0.718","0.467, 0.301",0.523,0.489,0.49,0.49,0.594,0.711,0.448,0.718,Preparation
2.802802802802803,3.2057228239817306,0.6835565178796665,185.82661940635975,168.50177738235243,170.92901151750186,207.6542958702216,172.62240438527442,175.96514211521554,"0.536, 0.328","0.436, 0.354","0.534, 0.411","0.457, 0.426","0.540, 0.492","0.481, 0.499","0.561, 0.608","0.459, 0.614","0.523, 0.489","0.491, 0.490","0.594, 0.711","0.448, 0.717","0.465, 0.301",0.523,0.489,0.491,0.49,0.594,0.711,0.448,0.717,Preparation
2.836169502836169,3.1741899679645846,0.4706073483108425,185.88277888604264,168.21151004230376,170.87230794172493,207.646677849363,172.72578869861485,176.27666985095124,"0.536, 0.328","0.436, 0.354","0.534, 0.410","0.457, 0.426","0.540, 0.491","0.481, 0.499","0.561, 0.608","0.459, 0.613","0.523, 0.489","0.492, 0.489","0.594, 0.711","0.447, 0.717","0.464, 0.302",0.523,0.489,0.492,0.489,0.594,0.711,0.447,0.717,Preparation
2.8695362028695364,2.876023383521498,0.1157336815016785,184.4613181265252,168.96758647200963,170.72159619280302,207.50668374509493,172.88769229754308,176.25227647294616,"0.536, 0.328","0.436, 0.353","0.534, 0.410","0.457, 0.424","0.540, 0.491","0.480, 0.499","0.561, 0.607","0.459, 0.614","0.525, 0.489","0.492, 0.489","0.594, 0.710","0.447, 0.716","0.464, 0.304",0.525,0.489,0.492,0.489,0.594,0.71,0.447,0.716,Preparation
2.902902902902903,2.953920583964469,0.0272124882836191,181.6275951943653,168.75291702894026,170.55936884079884,207.5097183464574,173.10236446792055,176.28338381609888,"0.537, 0.329","0.436, 0.353","0.534, 0.411","0.458, 0.424","0.540, 0.491","0.480, 0.499","0.561, 0.607","0.459, 0.614","0.529, 0.490","0.493, 0.489","0.594, 0.710","0.447, 0.716","0.465, 0.309",0.529,0.49,0.493,0.489,0.594,0.71,0.447,0.716,Preparation
2.9362696029362696,4.289894146474226,0.1801608907085225,181.47188820763088,168.82402852498203,170.60640177646007,207.5840981245276,173.0724026040849,176.81113612538735,"0.537, 0.329","0.436, 0.355","0.532, 0.411","0.458, 0.424","0.540, 0.491","0.480, 0.499","0.561, 0.606","0.459, 0.614","0.526, 0.491","0.494, 0.490","0.593, 0.710","0.446, 0.715","0.465, 0.311",0.526,0.491,0.494,0.49,0.593,0.71,0.446,0.715,Preparation
2.9696363029696364,5.745029639930756,0.1440406534643216,181.89921043378723,168.2066756829122,170.62763055006346,207.4993488828175,173.07387111871972,177.21778504000602,"0.537, 0.329","0.436, 0.355","0.530, 0.410","0.458, 0.424","0.540, 0.491","0.480, 0.499","0.561, 0.606","0.459, 0.614","0.521, 0.490","0.495, 0.491","0.593, 0.710","0.446, 0.714","0.466, 0.313",0.521,0.49,0.495,0.491,0.593,0.71,0.446,0.714,Preparation
3.0030030030030037,6.465147841666204,0.1270431907508834,181.3261697310243,167.90212079092194,170.74795163712534,207.34621366660656,172.9859636458663,177.46631966906946,"0.537, 0.330","0.436, 0.355","0.530, 0.411","0.458, 0.424","0.540, 0.491","0.480, 0.498","0.561, 0.606","0.459, 0.614","0.520, 0.490","0.495, 0.491","0.593, 0.710","0.445, 0.714","0.467, 0.313",0.52,0.49,0.495,0.491,0.593,0.71,0.445,0.714,Preparation
3.0363697030363697,6.397946232485714,0.3160927917198393,181.5943083694612,167.60542157304977,170.67942784769008,207.08129570852503,173.15024303001394,177.82197399818878,"0.537, 0.331","0.436, 0.355","0.530, 0.411","0.458, 0.425","0.540, 0.492","0.480, 0.499","0.561, 0.606","0.459, 0.614","0.520, 0.491","0.496, 0.492","0.593, 0.710","0.445, 0.712","0.468, 0.315",0.52,0.491,0.496,0.492,0.593,0.71,0.445,0.712,Preparation
3.0697364030697365,6.592389432708387,0.4293515429302409,185.94204283219207,167.13660495318877,170.63421739554752,206.535475598474,173.2379167037127,178.41170328802525,"0.538, 0.331","0.437, 0.355","0.530, 0.411","0.458, 0.426","0.540, 0.492","0.480, 0.499","0.561, 0.607","0.459, 0.614","0.514, 0.489","0.497, 0.493","0.593, 0.710","0.445, 0.712","0.469, 0.314",0.514,0.489,0.497,0.493,0.593,0.71,0.445,0.712,Preparation
3.1031031031031038,6.415404363106246,0.1039188225647741,186.13451763797488,168.13429116727434,170.2129947951181,205.95696889776815,173.5791997688307,179.49445244502337,"0.537, 0.333","0.437, 0.357","0.530, 0.412","0.458, 0.430","0.540, 0.492","0.479, 0.499","0.561, 0.608","0.460, 0.615","0.514, 0.490","0.494, 0.497","0.592, 0.710","0.445, 0.712","0.469, 0.314",0.514,0.49,0.494,0.497,0.592,0.71,0.445,0.712,Preparation
3.1364698031364697,7.140059175348947,0.0076029638652217,184.0710128368137,168.37421666199356,170.28638759907358,205.1303807259476,173.4181116283623,180.5105471999209,"0.537, 0.333","0.437, 0.357","0.529, 0.412","0.458, 0.431","0.540, 0.492","0.479, 0.499","0.561, 0.610","0.461, 0.615","0.514, 0.490","0.494, 0.498","0.592, 0.710","0.445, 0.712","0.469, 0.312",0.514,0.49,0.494,0.498,0.592,0.71,0.445,0.712,Preparation
3.169836503169837,7.953998942360436,0.180502562151439,182.57365127770203,168.6539095675026,170.2478107517943,204.38484815635505,173.42287511565425,181.5104847746829,"0.537, 0.333","0.437, 0.357","0.527, 0.412","0.459, 0.431","0.539, 0.493","0.478, 0.499","0.561, 0.610","0.462, 0.615","0.514, 0.490","0.494, 0.498","0.592, 0.711","0.445, 0.713","0.467, 0.306",0.514,0.49,0.494,0.498,0.592,0.711,0.445,0.713,Preparation
3.2032032032032034,7.91729545963919,0.5511036137144004,182.15028152278268,169.1464633934207,170.21815442830277,204.16459321769003,173.6547104673929,181.81096471102197,"0.537, 0.333","0.437, 0.357","0.527, 0.412","0.459, 0.431","0.539, 0.494","0.478, 0.500","0.561, 0.611","0.462, 0.615","0.514, 0.490","0.494, 0.498","0.592, 0.712","0.445, 0.715","0.466, 0.304",0.514,0.49,0.494,0.498,0.592,0.712,0.445,0.715,Preparation
3.2365699032365702,8.155872972995837,0.7269153267304008,181.5287096993652,169.7370726598543,170.31630853338885,204.23655876115916,173.74457959909284,181.58789541822048,"0.537, 0.333","0.437, 0.357","0.527, 0.412","0.459, 0.431","0.539, 0.495","0.478, 0.500","0.561, 0.612","0.462, 0.615","0.515, 0.491","0.494, 0.498","0.592, 0.713","0.444, 0.716","0.465, 0.304",0.515,0.491,0.494,0.498,0.592,0.713,0.444,0.716,Preparation
3.2699366032699366,8.658509792883647,0.6896543924217485,180.42682538201385,169.90855350879198,170.41323051037892,204.69333046500608,173.63413145715822,180.6264421929893,"0.537, 0.333","0.437, 0.358","0.526, 0.412","0.459, 0.431","0.539, 0.496","0.478, 0.500","0.562, 0.614","0.461, 0.616","0.515, 0.491","0.493, 0.498","0.592, 0.714","0.444, 0.718","0.465, 0.304",0.515,0.491,0.493,0.498,0.592,0.714,0.444,0.718,Preparation
3.3033033033033035,9.937735738767032,0.6653712330650811,197.38662469944845,169.71906901749813,170.2980006267545,204.8879435955664,174.01552578259134,180.07558123803395,"0.537, 0.334","0.437, 0.358","0.525, 0.410","0.459, 0.432","0.539, 0.496","0.478, 0.500","0.562, 0.615","0.460, 0.616","0.510, 0.438","0.493, 0.498","0.592, 0.714","0.444, 0.719","0.464, 0.303",0.51,0.438,0.493,0.498,0.592,0.714,0.444,0.719,Preparation
3.3366700033366703,16.256682022334076,0.8055217987614238,41.14223980161282,169.74582095654603,170.2001815131872,204.53764013042357,174.27304880728258,180.0341747590505,"0.536, 0.334","0.437, 0.357","0.520, 0.393","0.459, 0.432","0.539, 0.496","0.478, 0.500","0.562, 0.615","0.460, 0.617","0.493, 0.337","0.493, 0.498","0.591, 0.714","0.443, 0.720","0.463, 0.302",0.493,0.337,0.493,0.498,0.591,0.714,0.443,0.72,Preparation
3.3700367033700367,15.806233543291992,0.0243070500271926,97.91566579226766,168.019178825434,170.27755051895153,204.66394295874068,174.44923292917002,180.0318264849131,"0.536, 0.334","0.437, 0.358","0.520, 0.397","0.458, 0.432","0.539, 0.496","0.477, 0.500","0.562, 0.614","0.459, 0.616","0.498, 0.394","0.493, 0.498","0.591, 0.714","0.443, 0.719","0.463, 0.306",0.498,0.394,0.493,0.498,0.591,0.714,0.443,0.719,Preparation
3.4034034034034035,13.347081606970294,0.0164460261700534,183.85955141037903,167.7135139448893,170.17170337885526,204.4332238676516,174.52353555022646,180.1338549970386,"0.536, 0.335","0.437, 0.358","0.520, 0.409","0.458, 0.433","0.539, 0.495","0.477, 0.500","0.561, 0.614","0.459, 0.616","0.500, 0.477","0.493, 0.498","0.591, 0.714","0.443, 0.719","0.465, 0.309",0.5,0.477,0.493,0.498,0.591,0.714,0.443,0.719,Preparation
3.4367701034367704,12.308262632998591,0.3888409897276084,181.0142771193355,166.90334071904377,170.18394184119705,204.4008502444765,174.5822699823361,180.32047933325305,"0.536, 0.336","0.437, 0.358","0.520, 0.415","0.458, 0.433","0.539, 0.495","0.477, 0.500","0.561, 0.613","0.459, 0.616","0.505, 0.487","0.493, 0.498","0.591, 0.714","0.443, 0.719","0.465, 0.308",0.505,0.487,0.493,0.498,0.591,0.714,0.443,0.719,Preparation
3.4701368034701368,11.173596076558905,0.8362815083667952,177.11602549978778,165.91619964846706,170.15145342825826,204.3980675162672,174.57946115018228,180.47306105171432,"0.536, 0.337","0.437, 0.358","0.522, 0.417","0.457, 0.433","0.539, 0.495","0.477, 0.500","0.561, 0.613","0.459, 0.616","0.512, 0.491","0.493, 0.498","0.590, 0.715","0.442, 0.719","0.466, 0.312",0.512,0.491,0.493,0.498,0.59,0.715,0.442,0.719,Preparation
3.503503503503504,10.0015290718596,1.0406168630802084,177.8755106289251,164.68186620075485,170.0521682805373,204.41107795972255,174.64194973610674,180.58374926932527,"0.536, 0.338","0.436, 0.358","0.523, 0.418","0.456, 0.433","0.539, 0.496","0.477, 0.500","0.561, 0.613","0.459, 0.617","0.514, 0.492","0.494, 0.498","0.590, 0.715","0.442, 0.719","0.468, 0.317",0.514,0.492,0.494,0.498,0.59,0.715,0.442,0.719,Preparation
3.5368702035368704,9.441143943023816,1.1689816842452292,178.93779255908476,163.6975332120683,169.97585737635288,204.4666616512285,174.73571641402114,180.6287880300409,"0.537, 0.338","0.436, 0.358","0.524, 0.419","0.456, 0.434","0.539, 0.496","0.477, 0.501","0.561, 0.613","0.459, 0.617","0.515, 0.490","0.494, 0.498","0.590, 0.715","0.442, 0.719","0.469, 0.319",0.515,0.49,0.494,0.498,0.59,0.715,0.442,0.719,Preparation
3.5702369035702373,9.326425364768356,1.261537121675803,179.06428431630718,162.99140530225432,169.92599810700528,204.5489373524978,174.86417061268864,180.62313051424115,"0.537, 0.338","0.436, 0.359","0.525, 0.418","0.456, 0.434","0.539, 0.496","0.477, 0.501","0.561, 0.613","0.459, 0.617","0.515, 0.490","0.495, 0.498","0.590, 0.715","0.443, 0.720","0.469, 0.319",0.515,0.49,0.495,0.498,0.59,0.715,0.443,0.72,Preparation
3.603603603603604,9.392615027808326,1.3171297322461564,179.137999534226,162.5806859637012,169.87721701631077,204.6573708211664,175.06515986571333,180.60117213809377,"0.537, 0.338","0.436, 0.359","0.525, 0.418","0.456, 0.434","0.539, 0.496","0.477, 0.502","0.561, 0.613","0.459, 0.617","0.515, 0.490","0.496, 0.498","0.590, 0.715","0.443, 0.720","0.469, 0.320",0.515,0.49,0.496,0.498,0.59,0.715,0.443,0.72,Preparation
3.6369703036369705,9.438208367790844,1.298142909204559,179.3595563927487,162.41578443168646,169.72574418531457,204.8258350040732,175.37451247571727,180.42970575385183,"0.537, 0.339","0.436, 0.359","0.525, 0.419","0.456, 0.435","0.539, 0.496","0.477, 0.502","0.561, 0.613","0.459, 0.617","0.515, 0.489","0.496, 0.498","0.590, 0.715","0.443, 0.718","0.470, 0.320",0.515,0.489,0.496,0.498,0.59,0.715,0.443,0.718,Preparation
3.670337003670337,9.02694134878422,1.5007638747851004,179.9293068290795,162.34364108698196,169.7284368437567,205.41096685849564,175.36292297349212,179.5627587892575,"0.537, 0.340","0.435, 0.359","0.525, 0.420","0.455, 0.436","0.539, 0.496","0.477, 0.502","0.561, 0.613","0.458, 0.618","0.515, 0.491","0.495, 0.498","0.590, 0.715","0.443, 0.718","0.470, 0.320",0.515,0.491,0.495,0.498,0.59,0.715,0.443,0.718,Preparation
3.703703703703704,8.842215119009387,1.5029580498448896,179.58633041262553,163.01409575968782,169.5713472733211,206.29831240126285,175.4156387344304,177.85842097974646,"0.537, 0.340","0.435, 0.360","0.525, 0.420","0.455, 0.437","0.539, 0.496","0.477, 0.502","0.561, 0.612","0.457, 0.619","0.515, 0.493","0.494, 0.499","0.590, 0.715","0.443, 0.720","0.470, 0.321",0.515,0.493,0.494,0.499,0.59,0.715,0.443,0.72,Preparation
3.737070403737071,8.504466473805035,1.3509076291757278,177.52194476776947,164.33836220485406,169.65335927642278,206.82413793629783,175.0106186461602,176.9652201440951,"0.536, 0.340","0.435, 0.361","0.525, 0.421","0.456, 0.437","0.538, 0.497","0.477, 0.503","0.560, 0.612","0.456, 0.619","0.518, 0.495","0.493, 0.500","0.590, 0.716","0.443, 0.720","0.468, 0.321",0.518,0.495,0.493,0.5,0.59,0.716,0.443,0.72,Preparation
3.770437103770437,9.148101104950229,1.438392510461396,176.12020002200907,166.98040619418995,169.7936675809209,207.25893791091696,175.0904372628754,176.07223415428425,"0.536, 0.340","0.434, 0.362","0.524, 0.421","0.455, 0.438","0.538, 0.497","0.477, 0.503","0.560, 0.611","0.456, 0.619","0.518, 0.496","0.489, 0.501","0.590, 0.716","0.444, 0.725","0.465, 0.317",0.518,0.496,0.489,0.501,0.59,0.716,0.444,0.725,Preparation
3.803803803803804,9.880342547523812,1.103960893757447,176.6460292761331,168.36530402039793,169.8888765424555,207.7475886263352,175.4507533656286,176.0126167892697,"0.535, 0.340","0.433, 0.364","0.523, 0.420","0.455, 0.439","0.538, 0.498","0.477, 0.504","0.561, 0.612","0.456, 0.619","0.515, 0.496","0.489, 0.502","0.590, 0.716","0.444, 0.725","0.464, 0.315",0.515,0.496,0.489,0.502,0.59,0.716,0.444,0.725,Preparation
3.8371705038371706,9.65433037414817,0.981128689741472,178.35366486054326,169.16230421852163,170.13316749647288,208.1261965394133,175.566714400776,175.91982382204205,"0.534, 0.339","0.433, 0.364","0.522, 0.420","0.455, 0.439","0.538, 0.498","0.477, 0.504","0.561, 0.612","0.456, 0.619","0.514, 0.496","0.488, 0.503","0.590, 0.716","0.444, 0.725","0.463, 0.309",0.514,0.496,0.488,0.503,0.59,0.716,0.444,0.725,Preparation
3.8705372038705375,9.536293329659827,1.0855390150811626,179.57402992845186,169.19061063151554,170.21866826428518,208.2499870880596,175.58526227929093,175.6121518861543,"0.533, 0.339","0.432, 0.364","0.522, 0.420","0.455, 0.439","0.538, 0.498","0.477, 0.504","0.561, 0.612","0.456, 0.620","0.512, 0.496","0.488, 0.503","0.590, 0.716","0.444, 0.726","0.462, 0.307",0.512,0.496,0.488,0.503,0.59,0.716,0.444,0.726,Preparation
3.903903903903904,9.501530822420207,0.9546741857842396,179.59700144940751,169.18896365247744,170.208719238656,208.1786091695984,175.51549790527878,175.35603289657,"0.533, 0.339","0.432, 0.364","0.522, 0.420","0.455, 0.439","0.538, 0.500","0.477, 0.506","0.561, 0.612","0.456, 0.620","0.512, 0.497","0.488, 0.503","0.590, 0.716","0.444, 0.727","0.462, 0.308",0.512,0.497,0.488,0.503,0.59,0.716,0.444,0.727,Preparation
3.937270603937271,9.575334532929595,0.3447343979431857,179.43232074425796,170.04881597956,170.13240776757783,208.19916740629745,175.48137557331555,174.7328234221963,"0.533, 0.339","0.433, 0.365","0.522, 0.420","0.455, 0.440","0.538, 0.502","0.477, 0.508","0.561, 0.613","0.455, 0.622","0.512, 0.497","0.488, 0.504","0.590, 0.716","0.445, 0.728","0.462, 0.306",0.512,0.497,0.488,0.504,0.59,0.716,0.445,0.728,Preparation
3.9706373039706375,9.578863114264276,0.5010210324065428,179.14164206437638,171.15578156528863,169.71236006134654,208.2988169921211,175.93483836863604,174.12981125584085,"0.533, 0.339","0.433, 0.365","0.522, 0.420","0.456, 0.440","0.538, 0.505","0.477, 0.511","0.561, 0.615","0.455, 0.623","0.512, 0.497","0.488, 0.504","0.590, 0.716","0.445, 0.728","0.463, 0.307",0.512,0.497,0.488,0.504,0.59,0.716,0.445,0.728,Preparation
4.004004004004004,9.664937451818725,1.4405029758282462,178.79019928218457,172.50944975979144,169.7894865356621,208.3883298317604,175.79251241636598,173.42918927110242,"0.533, 0.339","0.433, 0.365","0.522, 0.420","0.457, 0.440","0.538, 0.506","0.477, 0.512","0.561, 0.617","0.454, 0.624","0.513, 0.496","0.489, 0.505","0.590, 0.717","0.445, 0.729","0.463, 0.308",0.513,0.496,0.489,0.505,0.59,0.717,0.445,0.729,Preparation
4.037370704037371,10.456316563633449,1.8622063126496389,177.16537954741986,172.74688905561982,169.7147658590032,208.4095527692308,175.84279824509682,173.26556804158264,"0.533, 0.339","0.433, 0.365","0.521, 0.419","0.458, 0.440","0.538, 0.507","0.477, 0.513","0.562, 0.618","0.454, 0.624","0.513, 0.496","0.489, 0.505","0.590, 0.718","0.445, 0.729","0.465, 0.308",0.513,0.496,0.489,0.505,0.59,0.718,0.445,0.729,Preparation
4.070737404070738,10.55360439324819,2.351090828715739,176.78438703064242,173.24576068327443,169.73500425218737,208.3764250445093,175.866458214594,173.31286030166532,"0.534, 0.339","0.433, 0.365","0.521, 0.418","0.458, 0.438","0.538, 0.507","0.477, 0.513","0.562, 0.619","0.454, 0.624","0.513, 0.496","0.490, 0.505","0.590, 0.718","0.445, 0.728","0.465, 0.309",0.513,0.496,0.49,0.505,0.59,0.718,0.445,0.728,Preparation
4.104104104104104,10.801764321243548,2.339289208664992,176.3035748620372,172.74058104790583,169.80149997778105,207.9489912528201,175.76343702239478,173.57208989827956,"0.534, 0.338","0.434, 0.364","0.521, 0.418","0.458, 0.437","0.538, 0.506","0.477, 0.512","0.562, 0.619","0.454, 0.624","0.513, 0.496","0.491, 0.504","0.590, 0.719","0.445, 0.728","0.466, 0.309",0.513,0.496,0.491,0.504,0.59,0.719,0.445,0.728,Preparation
4.137470804137471,10.897353566354528,2.3999671949203574,176.00598008239953,172.3037623817273,169.5944607691932,207.7509628390719,175.69876896149694,173.68872963185223,"0.534, 0.338","0.434, 0.363","0.521, 0.418","0.458, 0.436","0.538, 0.507","0.477, 0.512","0.562, 0.620","0.454, 0.624","0.513, 0.496","0.492, 0.504","0.590, 0.719","0.444, 0.728","0.467, 0.309",0.513,0.496,0.492,0.504,0.59,0.719,0.444,0.728,Preparation
4.170837504170838,10.94357666719278,2.455752074532352,175.71349817190227,171.55024016939225,169.5675634242607,207.59496855201056,175.1330026209682,173.64670316535285,"0.534, 0.338","0.434, 0.363","0.521, 0.418","0.458, 0.436","0.538, 0.507","0.477, 0.512","0.561, 0.620","0.454, 0.624","0.513, 0.496","0.493, 0.503","0.590, 0.719","0.444, 0.729","0.468, 0.309",0.513,0.496,0.493,0.503,0.59,0.719,0.444,0.729,Preparation
4.2042042042042045,10.737695425015067,3.224903033623591,198.85344524635016,172.66472409015503,169.76761543219348,207.1235295544928,174.25145964200482,173.76301168730603,"0.535, 0.338","0.434, 0.363","0.521, 0.416","0.459, 0.435","0.537, 0.507","0.477, 0.512","0.560, 0.620","0.454, 0.624","0.508, 0.439","0.493, 0.503","0.590, 0.719","0.444, 0.732","0.469, 0.308",0.508,0.439,0.493,0.503,0.59,0.719,0.444,0.732,Preparation
4.237570904237571,10.68212855227499,3.701265287361081,241.01443110831863,173.8494235775513,170.0273037771767,206.684459186794,173.1847998259883,174.41694332629913,"0.535, 0.338","0.434, 0.362","0.521, 0.414","0.460, 0.435","0.537, 0.506","0.476, 0.512","0.559, 0.620","0.454, 0.624","0.503, 0.421","0.493, 0.505","0.590, 0.719","0.443, 0.735","0.469, 0.309",0.503,0.421,0.493,0.505,0.59,0.719,0.443,0.735,Preparation
4.270937604270938,9.246365777185204,5.94903828540533,186.8495641961021,177.95081224433878,169.30449640322598,206.4211833421482,173.39820907588157,176.08662531663097,"0.535, 0.338","0.434, 0.362","0.523, 0.414","0.461, 0.432","0.536, 0.505","0.475, 0.512","0.558, 0.620","0.454, 0.623","0.505, 0.477","0.493, 0.505","0.590, 0.719","0.441, 0.730","0.470, 0.316",0.505,0.477,0.493,0.505,0.59,0.719,0.441,0.73,Preparation
4.3043043043043046,10.105534596675248,6.363487074175136,180.74917155422165,180.00660939895357,168.26168451991236,206.4421316296146,174.1243295285036,176.8325475370595,"0.535, 0.338","0.433, 0.363","0.521, 0.414","0.461, 0.433","0.535, 0.505","0.475, 0.511","0.558, 0.619","0.454, 0.621","0.507, 0.488","0.491, 0.505","0.590, 0.719","0.439, 0.728","0.470, 0.321",0.507,0.488,0.491,0.505,0.59,0.719,0.439,0.728,Preparation
4.337671004337671,11.262108453778731,4.887806458289727,188.3903608005656,179.38770610292153,167.4511378987115,206.2198212262891,174.7117489491941,177.66437237104466,"0.534, 0.340","0.433, 0.363","0.519, 0.414","0.459, 0.433","0.533, 0.505","0.473, 0.509","0.558, 0.619","0.452, 0.621","0.493, 0.486","0.486, 0.503","0.590, 0.719","0.438, 0.719","0.470, 0.322",0.493,0.486,0.486,0.503,0.59,0.719,0.438,0.719,Preparation
4.371037704371039,10.478677806145264,1.4857471371489008,185.51805583557632,172.34638050553534,167.6405298715983,206.299871325039,174.56419722390245,177.74741171671056,"0.533, 0.340","0.432, 0.363","0.519, 0.416","0.454, 0.433","0.533, 0.505","0.473, 0.509","0.558, 0.619","0.452, 0.621","0.497, 0.493","0.486, 0.502","0.590, 0.719","0.438, 0.717","0.471, 0.322",0.497,0.493,0.486,0.502,0.59,0.719,0.438,0.717,Preparation
4.404404404404405,9.91535306465437,0.1394885117142671,184.57365640521425,169.51694739896504,167.69013456490822,206.3373276408982,174.6278529476215,177.6279009881642,"0.532, 0.341","0.432, 0.363","0.519, 0.418","0.452, 0.433","0.532, 0.506","0.473, 0.509","0.557, 0.619","0.452, 0.621","0.499, 0.495","0.486, 0.501","0.589, 0.720","0.438, 0.716","0.471, 0.321",0.499,0.495,0.486,0.501,0.589,0.72,0.438,0.716,Preparation
4.437771104437771,11.799797873214994,2.3812561686866807,185.32688909315505,167.01995302198733,167.55194239491934,206.79024897441548,174.9851119649968,176.43714180199837,"0.531, 0.343","0.432, 0.362","0.516, 0.421","0.448, 0.432","0.532, 0.507","0.473, 0.511","0.557, 0.619","0.451, 0.621","0.493, 0.496","0.481, 0.499","0.589, 0.720","0.438, 0.717","0.471, 0.320",0.493,0.496,0.481,0.499,0.589,0.72,0.438,0.717,Preparation
4.471137804471138,13.523489794447755,3.641022595915873,185.2593485396091,172.24248679045377,167.74182472725622,206.4120483017748,174.6822649186529,176.35913611170994,"0.531, 0.345","0.432, 0.360","0.513, 0.421","0.446, 0.430","0.532, 0.507","0.473, 0.511","0.556, 0.619","0.451, 0.619","0.488, 0.494","0.470, 0.498","0.589, 0.721","0.438, 0.717","0.470, 0.316",0.488,0.494,0.47,0.498,0.589,0.721,0.438,0.717,Address
4.504504504504505,17.388738337382716,4.865255227490248,182.7868625109068,172.73249869895,167.0373642684233,204.20468032925973,174.5285509372172,177.61849434566298,"0.531, 0.347","0.432, 0.359","0.507, 0.420","0.443, 0.429","0.530, 0.507","0.470, 0.510","0.555, 0.619","0.451, 0.620","0.479, 0.496","0.464, 0.497","0.588, 0.721","0.438, 0.717","0.470, 0.316",0.479,0.496,0.464,0.497,0.588,0.721,0.438,0.717,Address
4.537871204537871,19.450927029831234,13.081621260677522,190.97117248301245,170.77612765132386,167.6033003550865,203.8085696842204,174.3773575578071,177.64600171261907,"0.527, 0.351","0.432, 0.358","0.503, 0.421","0.433, 0.430","0.528, 0.507","0.470, 0.511","0.553, 0.619","0.451, 0.620","0.460, 0.495","0.445, 0.497","0.587, 0.721","0.438, 0.718","0.470, 0.317",0.46,0.495,0.445,0.497,0.587,0.721,0.438,0.718,Address
4.571237904571238,22.633715188603723,14.684254681869923,196.7622217042413,168.12543370090043,168.07635939140738,203.6748835162996,173.76785573383833,177.30770787693564,"0.526, 0.352","0.433, 0.358","0.499, 0.420","0.431, 0.428","0.528, 0.509","0.470, 0.513","0.552, 0.618","0.451, 0.620","0.449, 0.482","0.444, 0.493","0.587, 0.721","0.438, 0.719","0.469, 0.318",0.449,0.482,0.444,0.493,0.587,0.721,0.438,0.719,Address
4.604604604604605,27.26082802507157,19.66695461404355,191.95652744027996,179.03431754297276,169.68059554659237,203.32116115808543,173.76581005356516,177.25503093008933,"0.522, 0.355","0.433, 0.357","0.492, 0.418","0.426, 0.420","0.528, 0.511","0.470, 0.515","0.551, 0.618","0.451, 0.620","0.450, 0.474","0.421, 0.472","0.586, 0.721","0.438, 0.719","0.467, 0.318",0.45,0.474,0.421,0.472,0.586,0.721,0.438,0.719,Address
4.637971304637971,34.73619505844985,19.427714505327643,195.5960662075571,178.35490677771182,170.82281974349317,203.24684657547732,173.04499758898572,177.1112096010669,"0.520, 0.358","0.433, 0.357","0.483, 0.417","0.427, 0.419","0.528, 0.512","0.470, 0.516","0.551, 0.618","0.451, 0.620","0.430, 0.465","0.422, 0.470","0.586, 0.721","0.438, 0.720","0.466, 0.318",0.43,0.465,0.422,0.47,0.586,0.721,0.438,0.72,Address
4.671338004671338,27.934887540060046,25.157346880084443,200.35885179983143,163.21523273894647,171.7445621314404,203.97845008551883,172.69279952655762,176.5909972189584,"0.518, 0.359","0.433, 0.357","0.487, 0.427","0.420, 0.419","0.528, 0.512","0.471, 0.516","0.550, 0.618","0.451, 0.620","0.445, 0.470","0.425, 0.474","0.586, 0.721","0.438, 0.721","0.466, 0.318",0.445,0.47,0.425,0.474,0.586,0.721,0.438,0.721,Address
4.704704704704705,46.76601405617092,26.178104687945662,195.08938798260783,197.33057557518623,172.6224538527452,203.02518501201217,172.73914433461027,175.80160667492382,"0.514, 0.362","0.438, 0.357","0.460, 0.423","0.422, 0.419","0.527, 0.515","0.471, 0.517","0.550, 0.619","0.451, 0.621","0.403, 0.460","0.398, 0.458","0.586, 0.721","0.438, 0.721","0.462, 0.315",0.403,0.46,0.398,0.458,0.586,0.721,0.438,0.721,Toe-Up
4.738071404738071,62.68887164374102,2.1247978221875643,195.44259596669028,178.17510507293727,178.7541128090884,200.8075386701389,171.8749826755105,174.47711300676374,"0.493, 0.361","0.447, 0.358","0.425, 0.415","0.462, 0.436","0.524, 0.516","0.472, 0.518","0.548, 0.620","0.450, 0.621","0.364, 0.441","0.475, 0.492","0.586, 0.722","0.438, 0.721","0.458, 0.311",0.364,0.441,0.475,0.492,0.586,0.722,0.438,0.721,Toe-Up
4.771438104771439,73.36096951738352,1.1766419947102107,191.87607761007,177.06577848384234,181.33771674627104,200.84136830068115,171.29154525357225,173.77962158327676,"0.485, 0.360","0.449, 0.358","0.423, 0.397","0.458, 0.435","0.523, 0.515","0.472, 0.518","0.547, 0.620","0.449, 0.621","0.357, 0.419","0.466, 0.476","0.586, 0.722","0.438, 0.721","0.455, 0.308",0.357,0.419,0.466,0.476,0.586,0.722,0.438,0.721,Toe-Up
4.804804804804805,80.12425395190385,5.366437698293916,195.5654730852047,176.69092365885467,180.6463990501396,201.30563375720948,171.01774723715667,173.3040889994801,"0.486, 0.358","0.449, 0.360","0.409, 0.391","0.468, 0.436","0.523, 0.516","0.472, 0.519","0.546, 0.620","0.449, 0.621","0.341, 0.400","0.485, 0.491","0.586, 0.722","0.438, 0.722","0.453, 0.310",0.341,0.4,0.485,0.491,0.586,0.722,0.438,0.722,Mid-Backswing
4.838171504838172,86.21713913099329,7.544287991402029,158.02606904397405,177.43766147935986,180.61414999328545,199.49136645749056,171.38985142979718,173.02580681908017,"0.482, 0.358","0.455, 0.364","0.406, 0.382","0.474, 0.441","0.521, 0.518","0.472, 0.521","0.545, 0.621","0.449, 0.621","0.339, 0.377","0.492, 0.502","0.586, 0.723","0.438, 0.721","0.448, 0.310",0.339,0.377,0.492,0.502,0.586,0.723,0.438,0.721,Mid-Backswing
4.8715382048715385,93.74765984671602,5.516246518424043,155.18196040856444,175.74382004829656,178.27608290118616,200.6012628213544,171.98304480552784,172.5850582451727,"0.481, 0.359","0.453, 0.366","0.412, 0.370","0.470, 0.444","0.518, 0.519","0.472, 0.522","0.544, 0.621","0.449, 0.621","0.353, 0.354","0.490, 0.507","0.586, 0.723","0.439, 0.721","0.447, 0.308",0.353,0.354,0.49,0.507,0.586,0.723,0.439,0.721,Mid-Backswing
4.904904904904905,255.105430373408,9.045596138894924,150.8652842514393,184.4637624426614,178.9979151514833,201.4284266283924,170.7533537170729,171.8522013553737,"0.479, 0.361","0.451, 0.366","0.408, 0.359","0.474, 0.443","0.517, 0.522","0.473, 0.525","0.542, 0.622","0.449, 0.620","0.363, 0.332","0.488, 0.507","0.586, 0.724","0.439, 0.722","0.441, 0.308",0.363,0.332,0.488,0.507,0.586,0.724,0.439,0.722,Mid-Backswing
4.938271604938272,253.4590166135535,81.74536091922273,142.2295304283079,99.6020714563858,178.90151949065185,202.2055965576185,169.2585332902078,173.1631068020037,"0.479, 0.361","0.443, 0.364","0.412, 0.356","0.421, 0.371","0.516, 0.521","0.470, 0.524","0.540, 0.622","0.449, 0.620","0.370, 0.319","0.406, 0.343","0.586, 0.722","0.439, 0.722","0.438, 0.306",0.37,0.319,0.406,0.343,0.586,0.722,0.439,0.722,Mid-Backswing
4.971638304971639,251.17604969933203,0.2327674549423922,132.9626253383626,176.91154442682654,178.45717897130564,202.20073799629324,168.26283988092823,173.2354907173338,"0.481, 0.360","0.442, 0.361","0.420, 0.353","0.450, 0.405","0.515, 0.521","0.470, 0.523","0.539, 0.622","0.449, 0.620","0.381, 0.299","0.462, 0.460","0.586, 0.722","0.439, 0.722","0.439, 0.306",0.381,0.299,0.462,0.46,0.586,0.722,0.439,0.722,Mid-Backswing
5.005005005005005,257.06481626023054,1.888422957791999,139.1903035920529,172.24018068784713,178.66198331489272,202.04993362459572,167.2368657858341,173.3454442764708,"0.483, 0.353","0.442, 0.358","0.439, 0.352","0.450, 0.411","0.515, 0.518","0.470, 0.521","0.538, 0.621","0.449, 0.620","0.405, 0.321","0.465, 0.466","0.586, 0.722","0.439, 0.723","0.438, 0.305",0.405,0.321,0.465,0.466,0.586,0.722,0.439,0.723,Mid-Backswing
5.038371705038372,83.17109330362221,4.2472402499943005,133.10515968337305,172.89311756480984,178.85887060305544,201.95430539726615,167.46421699963707,172.7665993342076,"0.480, 0.352","0.446, 0.358","0.466, 0.357","0.451, 0.412","0.514, 0.518","0.472, 0.520","0.538, 0.621","0.449, 0.619","0.436, 0.341","0.462, 0.466","0.586, 0.723","0.438, 0.723","0.434, 0.306",0.436,0.341,0.462,0.466,0.586,0.723,0.438,0.723,Mid-Backswing
5.071738405071739,52.07022478520598,3.94387488575622,95.036165740535,174.06250649592155,179.34142736062142,202.28828208212835,166.65480599517758,172.72393638654995,"0.480, 0.349","0.446, 0.358","0.472, 0.359","0.451, 0.414","0.515, 0.516","0.472, 0.519","0.537, 0.621","0.449, 0.618","0.438, 0.334","0.461, 0.467","0.586, 0.723","0.438, 0.722","0.433, 0.306",0.438,0.334,0.461,0.467,0.586,0.723,0.438,0.722,Top
5.105105105105105,61.25217502391924,4.7456959303805855,92.3100923617192,141.15636302756096,176.86887418859564,203.14618392799423,166.41723208899762,172.71848774829766,"0.489, 0.350","0.444, 0.358","0.478, 0.358","0.447, 0.398","0.515, 0.516","0.472, 0.519","0.537, 0.621","0.449, 0.618","0.461, 0.338","0.460, 0.411","0.586, 0.722","0.438, 0.722","0.439, 0.311",0.461,0.338,0.46,0.411,0.586,0.722,0.438,0.722,Top
5.138471805138472,4.766407398303827,1.416339589526169,200.22527710081096,179.24057649516044,180.64682538941435,205.43376971113844,166.0497890329147,170.19040647265072,"0.479, 0.355","0.449, 0.359","0.487, 0.407","0.458, 0.426","0.515, 0.517","0.476, 0.519","0.538, 0.622","0.448, 0.618","0.477, 0.452","0.466, 0.471","0.586, 0.722","0.438, 0.722","0.435, 0.311",0.477,0.452,0.466,0.471,0.586,0.722,0.438,0.722,Mid-Backswing
5.171838505171839,11.356061944514556,2.7742007249728324,180.93868530543176,162.11758801113737,183.0909825960087,206.6177908692621,165.7177742157846,170.23347675450927,"0.483, 0.357","0.451, 0.361","0.485, 0.407","0.460, 0.429","0.520, 0.515","0.479, 0.519","0.539, 0.617","0.450, 0.616","0.485, 0.443","0.487, 0.487","0.586, 0.722","0.438, 0.722","0.443, 0.312",0.485,0.443,0.487,0.487,0.586,0.722,0.438,0.722,Mid-Backswing
5.205205205205205,85.34860367203338,218.72520617750817,158.23171040387732,25.09862119899737,177.91727948163643,207.9059755628677,173.0152384779393,171.00951525088402,"0.506, 0.348","0.449, 0.361","0.482, 0.354","0.410, 0.328","0.532, 0.514","0.481, 0.518","0.553, 0.618","0.452, 0.617","0.465, 0.352","0.448, 0.338","0.587, 0.721","0.438, 0.723","0.452, 0.312",0.465,0.352,0.448,0.338,0.587,0.721,0.438,0.723,Top
5.238571905238572,91.98967940273796,99.18556681838837,163.28473730829273,56.38607924980724,175.4121841388023,207.56468320178595,184.06665638537007,171.6595088269575,"0.510, 0.357","0.458, 0.369","0.464, 0.364","0.422, 0.370","0.539, 0.517","0.485, 0.520","0.567, 0.619","0.455, 0.617","0.407, 0.356","0.431, 0.356","0.587, 0.721","0.438, 0.722","0.454, 0.315",0.407,0.356,0.431,0.356,0.587,0.721,0.438,0.722,Top
5.271938605271939,23.32157311352136,32.23233001350722,213.5090546696508,175.09923922901865,176.25106248866228,210.99462971775387,189.81341371291143,175.77592414432175,"0.518, 0.362","0.457, 0.369","0.508, 0.414","0.438, 0.423","0.550, 0.516","0.494, 0.520","0.579, 0.619","0.463, 0.618","0.471, 0.451","0.433, 0.444","0.589, 0.721","0.438, 0.722","0.465, 0.321",0.471,0.451,0.433,0.444,0.589,0.721,0.438,0.722,Mid-Downswing
5.305305305305305,44.02551883075186,18.194202459071505,203.17927184769653,204.22638762950444,172.58906002293824,212.4218304567601,191.23042340197,178.12236341392472,"0.533, 0.368","0.461, 0.371","0.493, 0.425","0.456, 0.445","0.556, 0.516","0.500, 0.520","0.586, 0.618","0.467, 0.624","0.422, 0.468","0.439, 0.477","0.595, 0.721","0.438, 0.723","0.465, 0.329",0.422,0.468,0.439,0.477,0.595,0.721,0.438,0.723,Mid-Downswing
5.3386720053386725,31.89739388185971,11.085969362653206,186.8743103027064,167.6444157599637,175.30777517211476,216.82321106528232,188.40088843671143,183.59357641475285,"0.535, 0.363","0.453, 0.372","0.510, 0.424","0.465, 0.444","0.560, 0.510","0.506, 0.518","0.587, 0.615","0.475, 0.623","0.478, 0.483","0.486, 0.498","0.598, 0.720","0.439, 0.719","0.465, 0.336",0.478,0.483,0.486,0.498,0.598,0.72,0.439,0.719,Mid-Downswing
5.372038705372039,4.782863123162864,8.713488416601832,206.2530761715564,160.63240472368412,174.38175043783664,220.8312724912701,194.45591098463592,184.67287771677204,"0.535, 0.355","0.457, 0.379","0.541, 0.413","0.492, 0.438","0.564, 0.512","0.515, 0.518","0.594, 0.615","0.480, 0.622","0.528, 0.448","0.543, 0.479","0.597, 0.720","0.439, 0.718","0.468, 0.334",0.528,0.448,0.543,0.479,0.597,0.72,0.439,0.718,Impact
5.405405405405405,5.426663918270172,2.4290363566320536,271.0992660631575,76.30391160452852,181.403971532288,222.3160581714125,187.32194783815015,184.89254300133263,"0.531, 0.339","0.460, 0.374","0.547, 0.390","0.480, 0.415","0.567, 0.500","0.519, 0.508","0.589, 0.613","0.483, 0.617","0.525, 0.396","0.513, 0.388","0.597, 0.719","0.439, 0.718","0.468, 0.333",0.525,0.396,0.513,0.388,0.597,0.719,0.439,0.718,Impact
5.438772105438773,22.275342490803197,39.271881910930965,127.91011317046812,150.63515370480837,180.93607326793284,218.2608311365169,188.6942175593994,184.3275041853714,"0.536, 0.343","0.473, 0.374","0.573, 0.397","0.526, 0.407","0.570, 0.503","0.520, 0.510","0.592, 0.614","0.483, 0.617","0.583, 0.397","0.605, 0.410","0.596, 0.720","0.439, 0.718","0.478, 0.330",0.583,0.397,0.605,0.41,0.596,0.72,0.439,0.718,Mid-Follow-Through
5.472138805472139,27.736777524494062,47.80522049639736,126.91410131068396,140.27292258143487,179.92092838117372,215.1071836538227,189.7300545930997,185.870219450248,"0.533, 0.344","0.477, 0.372","0.571, 0.389","0.537, 0.401","0.568, 0.504","0.519, 0.510","0.592, 0.614","0.485, 0.615","0.603, 0.387","0.610, 0.382","0.596, 0.721","0.440, 0.716","0.474, 0.330",0.603,0.387,0.61,0.382,0.596,0.721,0.44,0.716,Mid-Follow-Through
5.505505505505505,23.950098410843207,56.58482588267797,133.47586720949442,150.1600354566799,180.49373635842497,213.990452601548,189.3327805327752,186.220270027848,"0.531, 0.344","0.479, 0.371","0.564, 0.390","0.550, 0.393","0.567, 0.504","0.519, 0.511","0.591, 0.614","0.485, 0.614","0.590, 0.393","0.628, 0.376","0.596, 0.721","0.440, 0.715","0.477, 0.324",0.59,0.393,0.628,0.376,0.596,0.721,0.44,0.715,Mid-Follow-Through
5.538872205538873,30.514882714467856,79.06923714755705,142.01109566559316,205.60345075606736,181.76841769012103,210.51978787830743,188.8969789878119,189.34144563211595,"0.524, 0.339","0.491, 0.368","0.564, 0.380","0.569, 0.365","0.565, 0.502","0.524, 0.509","0.590, 0.613","0.492, 0.611","0.583, 0.383","0.633, 0.331","0.597, 0.721","0.440, 0.715","0.485, 0.318",0.583,0.383,0.633,0.331,0.597,0.721,0.44,0.715,Mid-Follow-Through
5.572238905572239,77.53727962009937,98.5285644231204,121.38473856546288,213.2235633564396,180.5058640180673,207.17005633046148,186.7530186554964,195.0593321629857,"0.531, 0.326","0.492, 0.353","0.571, 0.327","0.558, 0.328","0.567, 0.501","0.526, 0.506","0.589, 0.613","0.499, 0.611","0.589, 0.298","0.600, 0.270","0.597, 0.722","0.440, 0.714","0.500, 0.311",0.589,0.298,0.6,0.27,0.597,0.722,0.44,0.714,Mid-Follow-Through
5.605605605605606,111.5991875217484,112.06547018887156,210.3674286481658,212.95380634214203,181.48542021431172,206.92449363077563,185.0139266653358,195.26567667188252,"0.533, 0.324","0.500, 0.352","0.568, 0.301","0.556, 0.314","0.568, 0.499","0.531, 0.504","0.588, 0.612","0.501, 0.611","0.577, 0.284","0.582, 0.255","0.598, 0.722","0.440, 0.715","0.515, 0.302",0.577,0.284,0.582,0.255,0.598,0.722,0.44,0.715,Mid-Follow-Through
5.638972305638973,59.047887108686105,84.88831091781886,112.65315660258776,222.64245909880108,181.5592166262176,204.39166428561947,184.3902008904156,200.0496807347881,"0.534, 0.325","0.507, 0.346","0.562, 0.335","0.546, 0.342","0.568, 0.498","0.536, 0.499","0.588, 0.611","0.510, 0.610","0.567, 0.329","0.574, 0.310","0.598, 0.723","0.440, 0.714","0.518, 0.289",0.567,0.329,0.574,0.31,0.598,0.723,0.44,0.714,Mid-Follow-Through
5.672339005672339,58.100807920890816,119.67335258312671,91.67742454587024,219.57608063289328,181.5890722301656,204.68116959738853,183.41925245370825,203.09668259776257,"0.538, 0.328","0.502, 0.345","0.559, 0.336","0.533, 0.316","0.569, 0.495","0.537, 0.496","0.587, 0.610","0.513, 0.609","0.563, 0.327","0.540, 0.265","0.598, 0.723","0.440, 0.713","0.513, 0.283",0.563,0.327,0.54,0.265,0.598,0.723,0.44,0.713,Mid-Follow-Through
5.705705705705706,13.327987274198431,80.3006730029162,193.93540034110967,246.36439941348672,182.9515312670285,205.7217740232575,182.7820474230457,203.80120511803727,"0.538, 0.325","0.504, 0.340","0.560, 0.375","0.532, 0.338","0.571, 0.492","0.541, 0.493","0.588, 0.608","0.515, 0.609","0.571, 0.432","0.545, 0.302","0.598, 0.723","0.440, 0.712","0.515, 0.277",0.571,0.432,0.545,0.302,0.598,0.723,0.44,0.712,Mid-Follow-Through
5.739072405739073,11.495390890322646,109.33132635869616,211.748281802601,229.12039802197447,182.89297152779284,203.5298910324587,182.88311225820703,204.16805687716356,"0.537, 0.329","0.518, 0.343","0.549, 0.359","0.538, 0.332","0.570, 0.494","0.545, 0.494","0.587, 0.608","0.518, 0.610","0.543, 0.401","0.544, 0.298","0.598, 0.723","0.440, 0.712","0.533, 0.284",0.543,0.401,0.544,0.298,0.598,0.723,0.44,0.712,Mid-Follow-Through
5.772439105772439,54.57570614040837,169.5831811507961,119.48538104772076,180.9113692681208,181.3828567660241,203.24858548959068,182.12419379692355,208.69156007674349,"0.545, 0.330","0.512, 0.343","0.537, 0.338","0.511, 0.334","0.571, 0.494","0.545, 0.494","0.587, 0.608","0.524, 0.610","0.510, 0.331","0.510, 0.307","0.599, 0.724","0.441, 0.711","0.535, 0.285",0.51,0.331,0.51,0.307,0.599,0.724,0.441,0.711,Mid-Follow-Through
5.805805805805806,21.90539597699847,14.736544634719415,8.693275330882496,39.31916779578036,186.73469780482395,198.2839571518884,182.51397682841883,208.15057494219084,"0.525, 0.330","0.533, 0.331","0.523, 0.352","0.541, 0.351","0.570, 0.494","0.551, 0.494","0.587, 0.607","0.526, 0.609","0.522, 0.336","0.549, 0.326","0.599, 0.724","0.441, 0.710","0.540, 0.275",0.522,0.336,0.549,0.326,0.599,0.724,0.441,0.71,Finish
5.839172505839173,93.6403218370438,20.836203857012546,94.21656957621892,185.17919041097565,188.3216999427939,197.72345468149211,182.49413240170216,206.51129441646685,"0.519, 0.333","0.545, 0.332","0.501, 0.337","0.557, 0.359","0.570, 0.498","0.555, 0.496","0.587, 0.608","0.525, 0.613","0.494, 0.317","0.576, 0.412","0.600, 0.724","0.441, 0.710","0.542, 0.278",0.494,0.317,0.576,0.412,0.6,0.724,0.441,0.71,Finish
5.872539205872539,218.41222045183787,73.72153994804678,191.23293945787623,49.08246254921749,180.4963124458596,198.95868570820272,180.53328416128056,207.87344003449064,"0.551, 0.328","0.533, 0.335","0.538, 0.316","0.484, 0.355","0.573, 0.497","0.550, 0.496","0.587, 0.608","0.524, 0.614","0.511, 0.298","0.496, 0.319","0.600, 0.725","0.441, 0.710","0.550, 0.275",0.511,0.298,0.496,0.319,0.6,0.725,0.441,0.71,Finish
5.9059059059059065,83.41923152416275,80.62477867039058,142.85409301375353,58.28161309269167,180.57843624512884,199.87560682467108,178.71117812603882,210.2376499359668,"0.556, 0.322","0.523, 0.336","0.540, 0.325","0.467, 0.355","0.575, 0.494","0.548, 0.493","0.586, 0.608","0.525, 0.613","0.502, 0.308","0.476, 0.314","0.600, 0.725","0.442, 0.710","0.554, 0.272",0.502,0.308,0.476,0.314,0.6,0.725,0.442,0.71,Finish
5.939272605939273,0.0240252407412962,72.32892044982496,51.79037926504415,58.52401683692312,182.20241954863343,203.8348623725039,177.69274160283322,209.8564420804627,"0.555, 0.321","0.513, 0.337","0.556, 0.334","0.474, 0.359","0.576, 0.494","0.549, 0.494","0.586, 0.608","0.525, 0.614","0.533, 0.319","0.475, 0.314","0.600, 0.725","0.442, 0.710","0.556, 0.271",0.533,0.319,0.475,0.314,0.6,0.725,0.442,0.71,Finish
5.97263930597264,38.33850415587106,24.91810803965503,208.89162201651405,85.13938596361686,184.04914243888203,202.7129781261539,177.21742009312206,208.42418841981063,"0.548, 0.323","0.525, 0.329","0.535, 0.346","0.516, 0.362","0.575, 0.494","0.553, 0.493","0.585, 0.607","0.526, 0.614","0.525, 0.352","0.537, 0.366","0.601, 0.725","0.442, 0.710","0.559, 0.265",0.525,0.352,0.537,0.366,0.601,0.725,0.442,0.71,Finish
6.006006006006007,58.56632343693135,34.272535939496265,100.35326754391116,46.96660663031266,182.92579783152755,206.30448647698984,176.9154705225503,207.9521791313034,"0.551, 0.325","0.517, 0.330","0.525, 0.346","0.503, 0.366","0.575, 0.495","0.554, 0.495","0.584, 0.608","0.525, 0.615","0.491, 0.316","0.484, 0.328","0.601, 0.725","0.442, 0.710","0.532, 0.271",0.491,0.316,0.484,0.328,0.601,0.725,0.442,0.71,Finish
6.039372706039373,60.83150834097536,34.86738527166323,98.47673118801303,42.3285970666949,183.2890329117369,207.65461698173056,176.70943461446976,207.90325082004483,"0.549, 0.325","0.513, 0.333","0.520, 0.347","0.500, 0.368","0.574, 0.497","0.554, 0.496","0.584, 0.608","0.525, 0.616","0.484, 0.312","0.480, 0.317","0.601, 0.725","0.442, 0.710","0.522, 0.276",0.484,0.312,0.48,0.317,0.601,0.725,0.442,0.71,Finish
6.072739406072739,72.7759890541056,49.90363455552932,58.56703670741475,79.89020091275759,186.6279950393787,198.57257469721188,181.95198501813377,206.4643466242624,"0.513, 0.332","0.548, 0.323","0.458, 0.369","0.522, 0.348","0.563, 0.497","0.558, 0.495","0.584, 0.607","0.525, 0.616","0.455, 0.313","0.492, 0.303","0.601, 0.725","0.441, 0.710","0.545, 0.271",0.455,0.313,0.492,0.303,0.601,0.725,0.441,0.71,Finish
6.106106106106107,69.48177475629242,32.86269020209652,50.207703639382586,80.8948571783696,184.88518163537464,198.5949050847424,186.09479824243925,205.7321714513629,"0.497, 0.335","0.554, 0.317","0.454, 0.372","0.541, 0.338","0.555, 0.497","0.561, 0.494","0.583, 0.607","0.526, 0.616","0.453, 0.315","0.495, 0.301","0.601, 0.725","0.441, 0.710","0.545, 0.271",0.453,0.315,0.495,0.301,0.601,0.725,0.441,0.71,Finish
6.139472806139473,36.41326443600328,17.964941560807066,72.10597196901396,35.94322221519104,176.585761110291,201.6514464391976,185.34247323018516,206.74945751163932,"0.525, 0.329","0.540, 0.321","0.507, 0.366","0.533, 0.355","0.556, 0.495","0.559, 0.493","0.583, 0.607","0.526, 0.616","0.482, 0.342","0.524, 0.336","0.601, 0.725","0.441, 0.710","0.556, 0.266",0.482,0.342,0.524,0.336,0.601,0.725,0.441,0.71,Finish
6.172839506172839,50.83096374178783,34.366321080291215,131.59611578157163,31.174890122321465,171.92507473019603,206.76355766202656,183.47274887726047,206.85311790589307,"0.548, 0.324","0.523, 0.322","0.580, 0.347","0.509, 0.356","0.560, 0.495","0.559, 0.493","0.583, 0.607","0.525, 0.617","0.622, 0.337","0.504, 0.320","0.601, 0.726","0.441, 0.711","0.558, 0.265",0.622,0.337,0.504,0.32,0.601,0.726,0.441,0.711,Finish
6.206206206206207,2.149975018227832,54.72200766494497,67.4832268056995,16.969913854909656,174.01268876224202,205.99570243159064,181.23065806643,209.86826945506385,"0.552, 0.319","0.511, 0.323","0.557, 0.362","0.477, 0.362","0.564, 0.495","0.552, 0.493","0.583, 0.607","0.525, 0.618","0.560, 0.360","0.496, 0.320","0.601, 0.726","0.441, 0.711","0.555, 0.266",0.56,0.36,0.496,0.32,0.601,0.726,0.441,0.711,Finish
6.239572906239573,3.4078162392985547,57.88255927894648,43.61944643496541,18.636728460170588,174.35711539183026,206.601860838308,180.57584893055423,210.59234461747235,"0.555, 0.318","0.506, 0.324","0.555, 0.366","0.470, 0.363","0.565, 0.494","0.551, 0.493","0.583, 0.607","0.525, 0.618","0.552, 0.364","0.491, 0.317","0.601, 0.726","0.441, 0.711","0.553, 0.267",0.552,0.364,0.491,0.317,0.601,0.726,0.441,0.711,Finish
6.27293960627294,7.493691133123866,67.82077952498237,19.71614170938168,29.893810345949063,175.23433555084793,207.14129131030572,178.81546787422934,211.87013623902263,"0.561, 0.318","0.500, 0.333","0.559, 0.339","0.460, 0.365","0.569, 0.494","0.548, 0.494","0.583, 0.608","0.525, 0.619","0.550, 0.303","0.482, 0.308","0.601, 0.727","0.441, 0.712","0.528, 0.271",0.55,0.303,0.482,0.308,0.601,0.727,0.441,0.712,Finish
6.306306306306307,19.664985894233613,60.85095282517965,28.12745108379788,30.44662260282337,175.87450240959046,205.9178420857121,178.3843265323426,212.8115744209994,"0.561, 0.315","0.499, 0.335","0.556, 0.333","0.469, 0.365","0.570, 0.494","0.546, 0.494","0.583, 0.608","0.525, 0.619","0.549, 0.298","0.483, 0.306","0.601, 0.727","0.440, 0.712","0.526, 0.280",0.549,0.298,0.483,0.306,0.601,0.727,0.44,0.712,Finish
6.339673006339673,29.635691782018508,68.57629152539484,68.54389705723923,34.14050503885606,175.98734395780153,205.27032193127528,177.85016488592672,213.26331092592852,"0.564, 0.313","0.498, 0.334","0.552, 0.335","0.457, 0.366","0.571, 0.494","0.545, 0.494","0.583, 0.608","0.525, 0.619","0.523, 0.301","0.477, 0.306","0.601, 0.727","0.440, 0.712","0.526, 0.282",0.523,0.301,0.477,0.306,0.601,0.727,0.44,0.712,Finish
6.37303970637304,46.62599134827982,60.97712217216229,93.93397126288032,36.46058301264502,175.874723828991,204.9693906168287,177.82370630022643,213.55556394489813,"0.565, 0.313","0.498, 0.334","0.544, 0.334","0.466, 0.366","0.571, 0.493","0.544, 0.494","0.583, 0.608","0.525, 0.619","0.506, 0.302","0.475, 0.305","0.601, 0.727","0.440, 0.712","0.529, 0.282",0.506,0.302,0.475,0.305,0.601,0.727,0.44,0.712,Finish
6.406406406406407,59.93058709212399,66.81651894708351,108.77965930252392,36.29190523889453,177.65044218203445,204.99396424832764,177.18226493567735,213.39208688167776,"0.563, 0.314","0.498, 0.335","0.546, 0.325","0.465, 0.362","0.573, 0.494","0.544, 0.495","0.583, 0.608","0.524, 0.619","0.510, 0.296","0.479, 0.306","0.601, 0.727","0.440, 0.712","0.532, 0.283",0.51,0.296,0.479,0.306,0.601,0.727,0.44,0.712,Finish
6.439773106439773,34.34401520880832,81.60943870065071,78.07592183311414,44.20448029593849,178.74968624477458,205.3127738748161,176.31757661832157,213.5902952852797,"0.564, 0.313","0.496, 0.334","0.557, 0.324","0.459, 0.352","0.574, 0.493","0.543, 0.495","0.583, 0.608","0.524, 0.619","0.521, 0.290","0.480, 0.297","0.600, 0.727","0.440, 0.712","0.541, 0.282",0.521,0.29,0.48,0.297,0.6,0.727,0.44,0.712,Finish
6.4731398064731405,47.55009016386745,74.43470135431352,94.83256119054208,42.62078619098277,179.22657327567418,205.22308503929983,176.19576770640643,213.54121926515205,"0.564, 0.313","0.497, 0.336","0.555, 0.322","0.463, 0.357","0.575, 0.493","0.543, 0.495","0.583, 0.608","0.524, 0.619","0.521, 0.294","0.478, 0.303","0.600, 0.727","0.440, 0.712","0.541, 0.281",0.521,0.294,0.478,0.303,0.6,0.727,0.44,0.712,Finish
6.506506506506506,19.86896380368011,55.7390763160404,85.24311329248994,31.31562176085124,179.37811389284946,204.97573737184456,176.15279304272298,213.4953575826207,"0.563, 0.314","0.497, 0.336","0.553, 0.346","0.472, 0.366","0.574, 0.493","0.543, 0.494","0.583, 0.608","0.524, 0.619","0.530, 0.337","0.479, 0.319","0.600, 0.727","0.440, 0.712","0.552, 0.275",0.53,0.337,0.479,0.319,0.6,0.727,0.44,0.712,Finish
6.539873206539873,67.6636407578215,47.9232733263696,25.251257567304425,88.54071185025953,185.96983997416567,192.7049269185603,183.29434076613984,208.7732414610408,"0.505, 0.328","0.557, 0.320","0.462, 0.364","0.528, 0.346","0.559, 0.497","0.554, 0.495","0.582, 0.608","0.524, 0.619","0.474, 0.336","0.505, 0.318","0.600, 0.727","0.440, 0.712","0.552, 0.275",0.474,0.336,0.505,0.318,0.6,0.727,0.44,0.712,Finish
6.5732399065732405,5.928735754131751,40.53775853380317,43.28568548259348,20.58857146813324,180.8697502280769,203.18421378176467,182.78375072189692,208.7868784090092,"0.524, 0.330","0.525, 0.324","0.527, 0.361","0.510, 0.349","0.560, 0.497","0.554, 0.495","0.582, 0.608","0.524, 0.619","0.539, 0.346","0.516, 0.318","0.600, 0.727","0.440, 0.712","0.550, 0.276",0.539,0.346,0.516,0.318,0.6,0.727,0.44,0.712,Finish
6.606606606606607,7.034022307444307,47.92486588448835,22.093167313693087,25.11302019582666,180.7658451968936,207.34088993075147,181.8630995685451,209.23528427485357,"0.528, 0.331","0.514, 0.334","0.529, 0.345","0.505, 0.346","0.562, 0.501","0.554, 0.499","0.582, 0.611","0.524, 0.621","0.537, 0.320","0.510, 0.313","0.600, 0.728","0.440, 0.712","0.536, 0.280",0.537,0.32,0.51,0.313,0.6,0.728,0.44,0.712,Finish
6.639973306639973,59.641572955017,44.23918516078536,50.866362839151726,20.32861947432171,178.63681604189492,208.4222338717496,181.4778048982641,209.27612744408216,"0.536, 0.335","0.513, 0.337","0.522, 0.347","0.501, 0.358","0.563, 0.505","0.555, 0.502","0.583, 0.613","0.524, 0.623","0.522, 0.320","0.507, 0.320","0.600, 0.728","0.440, 0.712","0.536, 0.283",0.522,0.32,0.507,0.32,0.6,0.728,0.44,0.712,Finish
6.673340006673341,59.19478938516271,41.5235613612272,70.80024094265464,32.94213360337781,175.5127130328148,208.0763224799829,181.61298858186,209.74253150357703,"0.546, 0.335","0.513, 0.338","0.517, 0.357","0.499, 0.365","0.563, 0.506","0.554, 0.503","0.583, 0.615","0.523, 0.625","0.505, 0.320","0.494, 0.319","0.600, 0.728","0.440, 0.711","0.533, 0.287",0.505,0.32,0.494,0.319,0.6,0.728,0.44,0.711,Finish
6.706706706706707,77.53993415571315,57.0453691767712,53.43531021906036,70.57263451709683,179.00032971124446,198.27418343187293,182.6977441092021,209.23436552934183,"0.530, 0.335","0.545, 0.330","0.484, 0.355","0.519, 0.349","0.561, 0.506","0.555, 0.503","0.583, 0.614","0.523, 0.625","0.493, 0.317","0.508, 0.312","0.600, 0.728","0.440, 0.711","0.534, 0.284",0.493,0.317,0.508,0.312,0.6,0.728,0.44,0.711,Finish
6.740073406740073,69.58004873587251,52.70906587541351,61.44186536272996,54.54386166661951,178.3090568134614,201.6057496152901,181.9035147773304,208.87870431384428,"0.535, 0.334","0.534, 0.330","0.499, 0.354","0.512, 0.351","0.562, 0.505","0.555, 0.503","0.583, 0.614","0.522, 0.625","0.499, 0.307","0.506, 0.310","0.600, 0.728","0.440, 0.712","0.535, 0.280",0.499,0.307,0.506,0.31,0.6,0.728,0.44,0.712,Finish
6.773440106773441,53.63250893359237,39.82907039443855,56.44642499720744,36.032274873750936,173.00727316391502,202.20741986935803,180.85242273431876,208.53966797890263,"0.555, 0.332","0.533, 0.330","0.522, 0.359","0.509, 0.367","0.564, 0.505","0.555, 0.503","0.582, 0.614","0.522, 0.626","0.517, 0.308","0.505, 0.307","0.600, 0.727","0.440, 0.712","0.538, 0.276",0.517,0.308,0.505,0.307,0.6,0.727,0.44,0.712,Finish
6.806806806806807,49.1122810745575,35.314547833892334,57.06690728432674,26.590673322437823,172.22360428019996,202.5754747401044,179.33845071491672,208.18690023244304,"0.560, 0.328","0.532, 0.327","0.522, 0.362","0.511, 0.366","0.564, 0.504","0.554, 0.503","0.581, 0.614","0.521, 0.625","0.515, 0.318","0.512, 0.312","0.600, 0.727","0.439, 0.712","0.553, 0.270",0.515,0.318,0.512,0.312,0.6,0.727,0.439,0.712,Finish
6.840173506840173,44.60047360179868,23.71492038737828,57.41222872096101,6.160826614289476,172.79072801864555,203.45780723870087,178.67189956454982,207.8377659302039,"0.560, 0.325","0.530, 0.325","0.524, 0.363","0.517, 0.369","0.564, 0.503","0.555, 0.503","0.581, 0.615","0.521, 0.625","0.515, 0.326","0.524, 0.326","0.601, 0.728","0.439, 0.712","0.556, 0.270",0.515,0.326,0.524,0.326,0.601,0.728,0.439,0.712,Finish
6.873540206873541,41.58588655471857,15.21486180189565,32.9063286470596,8.799112753069538,174.13206752249178,202.5993584512736,178.87843255576794,207.5105018097876,"0.556, 0.326","0.534, 0.323","0.513, 0.379","0.527, 0.374","0.564, 0.503","0.556, 0.502","0.581, 0.615","0.521, 0.625","0.515, 0.354","0.526, 0.333","0.601, 0.728","0.439, 0.712","0.555, 0.271",0.515,0.354,0.526,0.333,0.601,0.728,0.439,0.712,Finish
6.906906906906907,38.26957054624463,14.45953878106307,21.74630543084636,0.0525323810470621,176.27199098367117,199.5912701760956,179.50844384415203,206.81545058231836,"0.547, 0.326","0.545, 0.321","0.513, 0.378","0.535, 0.373","0.564, 0.502","0.556, 0.501","0.581, 0.614","0.521, 0.625","0.516, 0.362","0.541, 0.342","0.601, 0.728","0.439, 0.713","0.569, 0.265",0.516,0.362,0.541,0.342,0.601,0.728,0.439,0.713,Finish
6.9402736069402735,38.59490595901349,16.581024063058774,4.038087360825127,1.377544403008795,174.91086396807452,200.0306078771194,179.47579545859375,206.3052018250632,"0.552, 0.327","0.544, 0.321","0.514, 0.381","0.532, 0.376","0.564, 0.502","0.556, 0.502","0.582, 0.614","0.521, 0.625","0.525, 0.364","0.541, 0.339","0.601, 0.728","0.439, 0.715","0.572, 0.267",0.525,0.364,0.541,0.339,0.601,0.728,0.439,0.715,Finish
6.973640306973641,31.06215653072316,5.749504463843453,25.237071463768583,5.419850375558801,179.35673895398784,201.46664160905925,179.5516297703892,206.0605274765548,"0.538, 0.326","0.540, 0.322","0.515, 0.381","0.539, 0.376","0.564, 0.503","0.556, 0.503","0.582, 0.614","0.520, 0.627","0.536, 0.362","0.543, 0.340","0.601, 0.728","0.439, 0.716","0.569, 0.267",0.536,0.362,0.543,0.34,0.601,0.728,0.439,0.716,Finish
7.007007007007007,16.260198465827308,7.367127876846943,39.1902114882576,7.327834153318956,182.96346832060505,198.8831430330032,181.2928916755963,205.0927198014577,"0.518, 0.328","0.551, 0.322","0.516, 0.378","0.560, 0.376","0.561, 0.504","0.557, 0.503","0.582, 0.614","0.520, 0.627","0.533, 0.359","0.558, 0.338","0.601, 0.728","0.439, 0.718","0.571, 0.273",0.533,0.359,0.558,0.338,0.601,0.728,0.439,0.718,Finish
7.040373707040375,0.7093196793551684,22.437367347867404,2.109266541391926,39.177071849357525,177.57052057144017,203.65091574691573,180.57412783241983,204.63880048976569,"0.539, 0.328","0.536, 0.323","0.545, 0.377","0.557, 0.361","0.562, 0.504","0.557, 0.504","0.582, 0.614","0.520, 0.628","0.544, 0.371","0.567, 0.304","0.601, 0.728","0.439, 0.719","0.575, 0.273",0.544,0.371,0.567,0.304,0.601,0.728,0.439,0.719,Finish
7.073740407073741,4.0881921681690185,30.17057823630932,77.56384088037792,49.99015199578839,175.78634470313128,205.50237970042875,180.18433664979773,204.8904173081241,"0.546, 0.328","0.528, 0.323","0.547, 0.367","0.552, 0.353","0.563, 0.505","0.556, 0.505","0.582, 0.614","0.520, 0.628","0.541, 0.366","0.562, 0.299","0.601, 0.728","0.439, 0.719","0.574, 0.274",0.541,0.366,0.562,0.299,0.601,0.728,0.439,0.719,Finish
7.107107107107107,10.23947716641099,26.562999578294782,17.104478007464014,43.89393035832845,176.82393307430584,207.32648328339616,179.01923962920574,206.0674677679761,"0.550, 0.328","0.517, 0.330","0.563, 0.376","0.550, 0.372","0.566, 0.506","0.553, 0.507","0.582, 0.614","0.519, 0.628","0.557, 0.366","0.555, 0.315","0.601, 0.728","0.439, 0.719","0.572, 0.274",0.557,0.366,0.555,0.315,0.601,0.728,0.439,0.719,Finish
7.1404738071404745,7.363242885042132,23.43698564544632,16.318529721913666,45.27022073571222,176.1923802849021,207.60801579641983,178.17242710111944,206.81993564083857,"0.556, 0.327","0.513, 0.332","0.566, 0.378","0.543, 0.374","0.568, 0.506","0.552, 0.508","0.582, 0.615","0.519, 0.628","0.560, 0.366","0.552, 0.319","0.601, 0.728","0.438, 0.719","0.571, 0.274",0.56,0.366,0.552,0.319,0.601,0.728,0.438,0.719,Finish
7.173840507173841,7.605591530333696,18.136788044979685,13.686462909712548,42.50748821388197,176.1452106144688,207.85929271429893,177.6868780449929,207.40075147179024,"0.560, 0.326","0.509, 0.334","0.570, 0.380","0.542, 0.388","0.569, 0.506","0.551, 0.508","0.582, 0.615","0.519, 0.628","0.563, 0.364","0.553, 0.332","0.601, 0.729","0.438, 0.719","0.571, 0.275",0.563,0.364,0.553,0.332,0.601,0.729,0.438,0.719,Finish
7.207207207207207,20.723519227495068,20.91569103607784,3.651951378468991,42.80377523331166,176.88468813781836,209.2357625601021,175.75769736315416,207.17955326112843,"0.568, 0.326","0.506, 0.337","0.589, 0.376","0.543, 0.389","0.573, 0.506","0.551, 0.510","0.582, 0.616","0.519, 0.629","0.575, 0.336","0.552, 0.323","0.601, 0.729","0.438, 0.719","0.571, 0.276",0.575,0.336,0.552,0.323,0.601,0.729,0.438,0.719,Finish
7.240573907240575,17.57677430912076,25.33517713439143,6.402486910223853,44.04625152968698,178.65293875792122,209.82835567681485,174.238483820157,207.43999394977288,"0.571, 0.326","0.505, 0.340","0.589, 0.375","0.547, 0.389","0.577, 0.506","0.551, 0.510","0.583, 0.616","0.519, 0.629","0.581, 0.340","0.551, 0.321","0.601, 0.729","0.438, 0.718","0.571, 0.278",0.581,0.34,0.551,0.321,0.601,0.729,0.438,0.718,Finish
7.273940607273941,2.2604992500493446,26.83611109130771,62.91593006533304,5.677807071488954,188.97881130401584,196.9514027949095,180.86709824838312,203.84432053603047,"0.506, 0.337","0.564, 0.333","0.525, 0.388","0.589, 0.386","0.564, 0.508","0.559, 0.510","0.583, 0.616","0.519, 0.629","0.557, 0.352","0.563, 0.343","0.601, 0.729","0.438, 0.718","0.568, 0.280",0.557,0.352,0.563,0.343,0.601,0.729,0.438,0.718,Finish
7.307307307307307,1.133242187609039,29.69127051913941,63.61498757534836,1.1408150646210562,187.35856628740788,197.49632550656463,182.09664246159772,204.230001115475,"0.504, 0.338","0.563, 0.329","0.523, 0.389","0.593, 0.385","0.561, 0.508","0.560, 0.508","0.583, 0.615","0.519, 0.629","0.553, 0.358","0.571, 0.346","0.601, 0.729","0.438, 0.717","0.569, 0.280",0.553,0.358,0.571,0.346,0.601,0.729,0.438,0.717,Finish
7.340674007340675,2.1297604069895657,25.374028019942333,66.84431182694694,12.256250254070313,187.4502574828906,195.24587355451945,182.80070799353965,204.322173895342,"0.501, 0.339","0.570, 0.328","0.519, 0.387","0.594, 0.385","0.560, 0.508","0.560, 0.507","0.583, 0.615","0.519, 0.629","0.549, 0.358","0.567, 0.345","0.601, 0.728","0.438, 0.717","0.569, 0.282",0.549,0.358,0.567,0.345,0.601,0.728,0.438,0.717,Finish
7.374040707374041,2.912890799357612,24.87275502697647,66.10852679350155,9.63141523095642,185.0027057295119,198.9282319978288,182.50140537131057,204.7733296313897,"0.510, 0.338","0.558, 0.328","0.527, 0.387","0.587, 0.389","0.560, 0.508","0.560, 0.507","0.583, 0.615","0.519, 0.629","0.554, 0.362","0.569, 0.363","0.601, 0.728","0.438, 0.716","0.569, 0.282",0.554,0.362,0.569,0.363,0.601,0.728,0.438,0.716,Finish
7.407407407407407,22.734111100181718,26.25675807020558,55.83425539184822,9.078053149806705,184.19482731630595,202.5652811481618,181.85922835181216,205.4001045625021,"0.517, 0.337","0.545, 0.328","0.555, 0.386","0.581, 0.388","0.562, 0.506","0.560, 0.506","0.583, 0.614","0.521, 0.628","0.564, 0.359","0.570, 0.361","0.601, 0.728","0.438, 0.716","0.572, 0.280",0.564,0.359,0.57,0.361,0.601,0.728,0.438,0.716,Finish
7.440774107440775,12.339284038240203,29.64299543852053,71.69011300964262,2.4164010005099525,183.41846634179623,196.2720390945409,183.8538707106583,204.95165922720028,"0.511, 0.337","0.567, 0.327","0.537, 0.386","0.600, 0.390","0.559, 0.506","0.561, 0.504","0.583, 0.614","0.521, 0.628","0.562, 0.359","0.581, 0.357","0.601, 0.728","0.438, 0.716","0.574, 0.278",0.562,0.359,0.581,0.357,0.601,0.728,0.438,0.716,Finish
7.474140807474141,8.202932720700908,31.29632518566149,73.33678342187658,2.7652458542715,182.04024419829096,195.16649009153457,184.94262845524085,205.36264637391577,"0.512, 0.337","0.569, 0.326","0.535, 0.390","0.607, 0.395","0.558, 0.505","0.561, 0.502","0.584, 0.613","0.521, 0.627","0.564, 0.366","0.585, 0.359","0.601, 0.728","0.438, 0.716","0.577, 0.279",0.564,0.366,0.585,0.359,0.601,0.728,0.438,0.716,Finish
7.5075075075075075,7.029690022870253,28.17377115952038,69.84970574086256,6.155839983899613,181.78561786945383,196.09533065382004,184.89819250059648,205.32664980288337,"0.514, 0.337","0.567, 0.326","0.536, 0.391","0.601, 0.394","0.559, 0.504","0.562, 0.502","0.584, 0.612","0.521, 0.627","0.565, 0.364","0.587, 0.357","0.601, 0.727","0.439, 0.715","0.577, 0.276",0.565,0.364,0.587,0.357,0.601,0.727,0.439,0.715,Finish
7.540874207540875,3.974720688366235,25.583122397535497,79.36045938294693,2.528191083684177,181.567423583067,197.9840258718338,185.0644209395007,204.9695826018863,"0.515, 0.335","0.563, 0.326","0.534, 0.392","0.596, 0.394","0.559, 0.503","0.563, 0.500","0.584, 0.611","0.522, 0.625","0.564, 0.375","0.588, 0.380","0.601, 0.726","0.439, 0.714","0.578, 0.275",0.564,0.375,0.588,0.38,0.601,0.726,0.439,0.714,Finish
7.574240907574241,4.399285518798521,32.068881325861874,82.21837578056355,6.115343820976641,182.1854248999769,198.21961477386915,185.4596293188321,203.3324567690384,"0.513, 0.336","0.572, 0.326","0.533, 0.392","0.614, 0.398","0.559, 0.503","0.567, 0.500","0.585, 0.611","0.522, 0.625","0.564, 0.375","0.594, 0.371","0.601, 0.726","0.439, 0.715","0.583, 0.276",0.564,0.375,0.594,0.371,0.601,0.726,0.439,0.715,Finish
7.607607607607608,2.732395961953064,29.16046448327508,87.99289692284037,22.7509751884116,181.68926136299137,196.89116466175616,185.67856664928257,202.8592666543572,"0.514, 0.336","0.579, 0.327","0.533, 0.394","0.616, 0.403","0.559, 0.503","0.569, 0.500","0.585, 0.611","0.523, 0.625","0.563, 0.383","0.594, 0.384","0.601, 0.727","0.439, 0.715","0.588, 0.277",0.563,0.383,0.594,0.384,0.601,0.727,0.439,0.715,Finish
7.640974307640975,0.6452760284024122,28.49498725680516,85.53901843147807,1.684475393577619,184.7049283412329,196.8735755208505,183.58700702172777,203.1333656870691,"0.518, 0.337","0.577, 0.329","0.535, 0.396","0.614, 0.404","0.565, 0.504","0.569, 0.501","0.586, 0.611","0.525, 0.623","0.567, 0.384","0.601, 0.380","0.601, 0.727","0.440, 0.715","0.594, 0.277",0.567,0.384,0.601,0.38,0.601,0.727,0.44,0.715,Finish
7.674341007674341,0.3575121808948233,28.45805762501272,83.91527914223775,3.589005924526805,185.65413311782217,197.04260440111528,182.8487770155537,203.109847341616,"0.520, 0.338","0.576, 0.330","0.536, 0.397","0.613, 0.404","0.567, 0.504","0.569, 0.501","0.586, 0.611","0.526, 0.622","0.568, 0.385","0.603, 0.381","0.601, 0.727","0.441, 0.714","0.595, 0.277",0.568,0.385,0.603,0.381,0.601,0.727,0.441,0.714,Finish
7.707707707707708,2.7669636316216413,29.67869412647523,134.5137513937563,256.91858544663404,185.27598098348133,197.5825957863288,181.954432970424,202.37805460476565,"0.525, 0.338","0.579, 0.332","0.539, 0.407","0.620, 0.412","0.569, 0.506","0.571, 0.503","0.586, 0.611","0.526, 0.623","0.576, 0.430","0.615, 0.416","0.601, 0.728","0.441, 0.714","0.598, 0.275",0.576,0.43,0.615,0.416,0.601,0.728,0.441,0.714,Finish
7.741074407741075,0.5491236907469211,26.95931883014925,140.44361244257468,209.0324474999493,186.92774663673663,198.37823434012563,180.7293597520876,201.15946571656676,"0.528, 0.338","0.585, 0.333","0.546, 0.407","0.620, 0.413","0.572, 0.507","0.575, 0.504","0.587, 0.612","0.527, 0.622","0.586, 0.437","0.619, 0.423","0.601, 0.728","0.442, 0.714","0.599, 0.275",0.586,0.437,0.619,0.423,0.601,0.728,0.442,0.714,Finish
7.774441107774441,0.901938642251047,30.13381424246445,120.79730288074428,21.579282372068224,185.95325957828476,198.20738479382783,181.6388683657396,200.59840132241771,"0.529, 0.339","0.589, 0.333","0.546, 0.409","0.631, 0.419","0.572, 0.507","0.576, 0.504","0.587, 0.612","0.527, 0.623","0.585, 0.421","0.619, 0.408","0.601, 0.728","0.442, 0.714","0.600, 0.276",0.585,0.421,0.619,0.408,0.601,0.728,0.442,0.714,Finish
7.807807807807809,1.1692335041109567,24.54539003058041,159.63999166827767,198.72333183864296,186.6670213243763,198.0559791913076,178.50902257556334,201.14094408303632,"0.544, 0.339","0.588, 0.335","0.561, 0.411","0.617, 0.415","0.579, 0.508","0.575, 0.505","0.588, 0.613","0.527, 0.623","0.594, 0.462","0.619, 0.454","0.601, 0.729","0.441, 0.714","0.604, 0.280",0.594,0.462,0.619,0.454,0.601,0.729,0.441,0.714,Finish
7.841174507841175,0.7564837072160302,26.25254206045977,157.22090475507764,199.3851398597488,187.33820842110867,199.21496733105565,178.7056739403259,203.22171172172017,"0.555, 0.338","0.585, 0.334","0.570, 0.411","0.620, 0.414","0.587, 0.509","0.577, 0.507","0.592, 0.613","0.531, 0.622","0.601, 0.458","0.623, 0.450","0.601, 0.728","0.443, 0.711","0.616, 0.279",0.601,0.458,0.623,0.45,0.601,0.728,0.443,0.711,Finish
7.874541207874541,2.26731092804396,20.424962696502284,159.51815327932843,179.46440502898,187.50969526739948,199.70986080152187,176.06201300417413,203.40606430931155,"0.571, 0.340","0.584, 0.335","0.585, 0.423","0.610, 0.414","0.593, 0.510","0.577, 0.509","0.593, 0.615","0.532, 0.623","0.610, 0.465","0.625, 0.457","0.601, 0.729","0.445, 0.710","0.616, 0.278",0.61,0.465,0.625,0.457,0.601,0.729,0.445,0.71,Finish
7.907907907907909,3.5540236667131904,13.805163092091933,150.02008903578812,159.817630575385,188.42016734651205,199.18348322032796,175.8653623976507,204.85796248670977,"0.574, 0.340","0.582, 0.335","0.579, 0.418","0.599, 0.413","0.596, 0.510","0.577, 0.511","0.594, 0.616","0.535, 0.623","0.606, 0.458","0.624, 0.453","0.601, 0.729","0.446, 0.710","0.620, 0.278",0.606,0.458,0.624,0.453,0.601,0.729,0.446,0.71,Finish
7.941274607941275,2.76104430608788,16.345728076050857,146.3065798969433,166.62242455338958,187.83260184310865,198.96566320237372,178.9225928960522,205.92778132049287,"0.571, 0.337","0.583, 0.335","0.579, 0.417","0.604, 0.413","0.597, 0.511","0.579, 0.511","0.598, 0.616","0.537, 0.624","0.611, 0.456","0.627, 0.456","0.601, 0.729","0.449, 0.708","0.619, 0.278",0.611,0.456,0.627,0.456,0.601,0.729,0.449,0.708,Finish
7.974641307974641,0.873665870565395,13.961304975758884,148.45072998397978,153.05863214585975,185.79211227468693,196.5743952695524,180.62363121614763,209.3134401067212,"0.583, 0.336","0.582, 0.336","0.590, 0.422","0.599, 0.410","0.601, 0.512","0.578, 0.512","0.602, 0.617","0.542, 0.624","0.620, 0.462","0.631, 0.450","0.601, 0.729","0.452, 0.707","0.620, 0.277",0.62,0.462,0.631,0.45,0.601,0.729,0.452,0.707,Finish
8.008008008008009,3.1099019648204487,12.722190960532467,152.0173329689792,140.22299684506754,184.7664095185643,191.41625410170937,185.8679845096638,214.5955078813694,"0.581, 0.335","0.585, 0.336","0.587, 0.421","0.599, 0.410","0.603, 0.512","0.579, 0.511","0.608, 0.617","0.552, 0.623","0.614, 0.465","0.643, 0.446","0.601, 0.728","0.462, 0.703","0.621, 0.275",0.614,0.465,0.643,0.446,0.601,0.728,0.462,0.703,Finish
8.041374708041374,3.4996893140989376,13.577599067717424,156.22578210992825,139.33790217378518,181.07109448046623,182.70007556872488,192.59117639323424,225.23568796527977,"0.586, 0.333","0.585, 0.336","0.590, 0.420","0.601, 0.410","0.606, 0.510","0.580, 0.510","0.615, 0.616","0.572, 0.619","0.612, 0.463","0.645, 0.444","0.600, 0.728","0.489, 0.690","0.626, 0.275",0.612,0.463,0.645,0.444,0.6,0.728,0.489,0.69,Finish
8.074741408074741,5.424844300918106,10.261300162750482,166.0576413678139,135.87422953059567,182.0744701834,179.94994056091994,189.45198995270945,221.5293179052202,"0.601, 0.329","0.584, 0.336","0.598, 0.413","0.596, 0.410","0.613, 0.504","0.580, 0.503","0.616, 0.615","0.577, 0.615","0.611, 0.470","0.640, 0.444","0.601, 0.728","0.505, 0.692","0.628, 0.273",0.611,0.47,0.64,0.444,0.601,0.728,0.505,0.692,Finish
8.108108108108109,7.603018588912737,3.8904984712607487,158.28251957035607,124.7095937197395,181.61141459120495,179.62638305850172,189.52664545493255,214.32230081972045,"0.601, 0.330","0.583, 0.336","0.595, 0.411","0.587, 0.411","0.612, 0.501","0.580, 0.501","0.616, 0.615","0.578, 0.614","0.613, 0.465","0.637, 0.443","0.601, 0.726","0.522, 0.694","0.632, 0.273",0.613,0.465,0.637,0.443,0.601,0.726,0.522,0.694,Finish
8.141474808141476,8.081429665440734,4.459746691295051,158.75069133111143,125.26202385020744,182.43282002118835,181.2759903144573,187.97824320398115,204.4912575705908,"0.602, 0.327","0.583, 0.336","0.596, 0.408","0.588, 0.412","0.613, 0.498","0.581, 0.499","0.616, 0.614","0.576, 0.614","0.612, 0.462","0.637, 0.442","0.602, 0.726","0.531, 0.705","0.632, 0.273",0.612,0.462,0.637,0.442,0.602,0.726,0.531,0.705,Finish
8.174841508174842,4.222781417344786,0.721802278495405,162.45096759599411,119.6543106343896,182.08765158294852,183.6878185234684,186.88987702423992,195.77676675386132,"0.610, 0.326","0.577, 0.335","0.620, 0.413","0.578, 0.412","0.616, 0.496","0.580, 0.495","0.617, 0.614","0.575, 0.613","0.642, 0.463","0.631, 0.441","0.603, 0.726","0.541, 0.714","0.633, 0.273",0.642,0.463,0.631,0.441,0.603,0.726,0.541,0.714,Finish
8.208208208208209,0.5455014790940894,0.904867474589994,160.01846692757175,113.97405950246277,181.90909184908017,184.11662994006045,186.72238883674595,193.0891405611684,"0.609, 0.329","0.576, 0.337","0.611, 0.418","0.580, 0.420","0.615, 0.496","0.580, 0.496","0.616, 0.613","0.575, 0.612","0.631, 0.467","0.631, 0.441","0.603, 0.725","0.546, 0.715","0.632, 0.273",0.631,0.467,0.631,0.441,0.603,0.725,0.546,0.715,Finish
