Time,Left Shoulder Angle,Right Shoulder Angle,Left Elbow Angle,Right Elbow Angle,Left Hip Angle,Right Hip Angle,Left Knee Angle,Right Knee Angle,"x, y Left Shoulder","x, y Right Shoulder","x, y Left Elbow","x, y Right Elbow","x, y Left Hip","x, y Right Hip","x, y Left Knee","x, y Right Knee","x, y Left Wrist","x, y Right Wrist","x, y Left Ankle","x, y Right Ankle","x, y Nose"
0.0,9.69308317572163,-6.959852498564792,185.4810954397481,170.70008193529304,163.73585563531955,200.62557612298895,180.8470106242027,180.9471474314037,"0.5847265124320984, 0.3253341317176819","0.43882375955581665, 0.3461306095123291","0.5586786270141602, 0.44891443848609924","0.47055333852767944, 0.46224063634872437","0.5585466623306274, 0.5234082937240601","0.4720384478569031, 0.5280439853668213","0.5878276824951172, 0.6779623627662659","0.43700486421585083, 0.6940693855285645","0.5367913842201233, 0.55416339635849","0.5225778818130493, 0.5674298405647278","0.6134551167488098, 0.8457021713256836","0.405365526676178, 0.8483253717422485","0.48198065161705017, 0.2978035509586334"
0.0333667000333667,6.707882175565226,-1.0025423332706813,182.39983670799313,169.18347271478314,162.8480798539917,201.5131164644552,181.34991914645914,180.74702996435235,"0.5845858454704285, 0.32533106207847595","0.4392636716365814, 0.34688305854797363","0.5586844682693481, 0.4480639398097992","0.4703028202056885, 0.4622272849082947","0.5584979057312012, 0.5232192277908325","0.47266602516174316, 0.5275756120681763","0.5885054469108582, 0.677242636680603","0.4380149245262146, 0.693748950958252","0.5368029475212097, 0.5486395359039307","0.5216395258903503, 0.5668914318084717","0.6138087511062622, 0.8473084568977356","0.40532106161117554, 0.8483439683914185","0.4823465347290039, 0.2962947487831116"
0.0667334000667334,4.38396222463689,3.5893169992878073,180.08323317772818,168.30828072961987,162.08598844385665,202.27491334792288,181.78802140251454,180.51761592047964,"0.5844319462776184, 0.3253353536128998","0.43932709097862244, 0.3476746082305908","0.5586079955101013, 0.4476054608821869","0.47024601697921753, 0.46219009160995483","0.5584879517555237, 0.5232266187667847","0.4730382561683655, 0.5275273323059082","0.5888684988021851, 0.6772416830062866","0.4387442469596863, 0.6937217712402344","0.5368841290473938, 0.5478479862213135","0.520951509475708, 0.5660527348518372","0.6139358878135681, 0.8476560711860657","0.4052696228027344, 0.8483444452285767","0.4832751154899597, 0.2955622971057892"
0.1001001001001001,2.6890148583171944,6.953643712255745,178.46362449324673,168.01323320965844,161.44411312585746,202.91644006269848,182.16338472037432,180.26185715386467,"0.5841524600982666, 0.32549548149108887","0.4392012655735016, 0.34915071725845337","0.5586230158805847, 0.44758111238479614","0.47020214796066284, 0.4627394676208496","0.5584008097648621, 0.5231000781059265","0.473126083612442, 0.527376115322113","0.5888745784759521, 0.6781460046768188","0.438868910074234, 0.693347156047821","0.5376113057136536, 0.5480910539627075","0.5206793546676636, 0.5660224556922913","0.6145532131195068, 0.8477582931518555","0.40524762868881226, 0.8483415842056274","0.48623937368392944, 0.29131993651390076"
0.1334668001334668,1.5907316119867065,9.22835601877819,177.47335029884226,168.2370573847541,160.9169856209371,203.4431698980886,182.47807642804398,179.9827055185865,"0.5837657451629639, 0.3256838321685791","0.4390048086643219, 0.3492432236671448","0.5589774250984192, 0.44899168610572815","0.4701998233795166, 0.46312958002090454","0.5582745671272278, 0.5230875015258789","0.47312530875205994, 0.5273810029029846","0.5890065431594849, 0.678281307220459","0.43875259160995483, 0.693295419216156","0.5376469492912292, 0.5486552715301514","0.5206819176673889, 0.5666399002075195","0.6160308122634888, 0.8477712869644165","0.4051913321018219, 0.8483436703681946","0.48962146043777466, 0.29010432958602905"
0.1668335001668335,1.0568040210260001,10.551372132000214,177.04475023880832,168.91848048476209,160.4991376500386,203.86057614339973,182.73416385352894,179.68311286872424,"0.5830758810043335, 0.32612016797065735","0.43853887915611267, 0.3496975302696228","0.5591346621513367, 0.45038843154907227","0.46991419792175293, 0.46318215131759644","0.5582924485206604, 0.523019552230835","0.4731679856777191, 0.527377724647522","0.5890876054763794, 0.6808243989944458","0.43857353925704956, 0.6932641267776489","0.5382975339889526, 0.5536428689956665","0.5187017321586609, 0.566402792930603","0.616818368434906, 0.8478525280952454","0.40519484877586365, 0.8482309579849243","0.49054664373397827, 0.28889358043670654"
0.2002002002002002,1.054923620815643,11.060610265066877,177.11016395743835,169.9962297395376,160.1851009341049,204.17413208793843,182.9337143248347,179.36603105835698,"0.5820569396018982, 0.32622483372688293","0.4371989667415619, 0.35071060061454773","0.559301495552063, 0.4518962800502777","0.4688946306705475, 0.4641076624393463","0.5584279298782349, 0.522977352142334","0.47312483191490173, 0.5272240042686462","0.5889266729354858, 0.6814887523651123","0.43813714385032654, 0.6932103633880615","0.5379579663276672, 0.5547003149986267","0.5167003870010376, 0.5685552954673767","0.6179014444351196, 0.8478466868400574","0.40519315004348755, 0.8481396436691284","0.4903361201286316, 0.2892160415649414"
0.2335669002335669,1.5527819467362036,10.89398863112325,177.60193109902582,171.40903237893588,159.96940719407903,204.38931102101128,183.0787951699667,179.03441194156375,"0.5802108645439148, 0.3267931044101715","0.435595840215683, 0.35110753774642944","0.5558044910430908, 0.4538175165653229","0.4683566093444824, 0.4650494456291199","0.5572332739830017, 0.5235996842384338","0.47207897901535034, 0.5282567739486694","0.5887686610221863, 0.6826711893081665","0.4377623200416565, 0.6931994557380676","0.5310607552528381, 0.5556966662406921","0.5129691958427429, 0.571342408657074","0.6178592443466187, 0.8478848338127136","0.405219703912735, 0.8479572534561157","0.48954129219055176, 0.2885022759437561"
0.2669336002669336,2.5180705341682543,10.189425443314398,178.45239130786427,173.09561563281216,159.84658815090398,204.51158623192478,183.1714737169304,178.6912073724237,"0.5775405764579773, 0.32694852352142334","0.43390995264053345, 0.3508508801460266","0.5512608289718628, 0.4540664553642273","0.4677041471004486, 0.4658024311065674","0.5560101270675659, 0.5299906134605408","0.47046127915382385, 0.5319579839706421","0.5887134671211243, 0.689141571521759","0.4365316927433014, 0.6942926645278931","0.5229998230934143, 0.555618166923523","0.5113608837127686, 0.5725337862968445","0.6178629398345947, 0.8482030630111694","0.4052296280860901, 0.8478342890739441","0.48737677931785583, 0.288554847240448"
0.3003003003003003,3.918480918492362,9.084838914785387,179.59388422824716,174.99470673102167,159.81117552552274,204.5464310099855,183.21381729373127,178.33936920501586,"0.575226902961731, 0.3275739550590515","0.43156909942626953, 0.35086849331855774","0.5468459129333496, 0.45418334007263184","0.4651823043823242, 0.46652156114578247","0.554271399974823, 0.5302249193191528","0.469991534948349, 0.5324965119361877","0.5885100960731506, 0.6919049024581909","0.4352683424949646, 0.6956921219825745","0.5238812565803528, 0.5550327301025391","0.5051933526992798, 0.5749326348304749","0.6178702116012573, 0.8481954336166382","0.40550535917282104, 0.8481253385543823","0.48692163825035095, 0.2881008982658386"
0.333667000333667,5.721704635089098,7.718147258681271,180.95874950446802,177.04503290341967,159.85770103887833,204.49931864449997,183.2078932283748,177.98184929341934,"0.5730533003807068, 0.3277823328971863","0.42994266748428345, 0.35082298517227173","0.5461497902870178, 0.4510883390903473","0.461602121591568, 0.4626550078392029","0.5512086153030396, 0.5298351049423218","0.4687843918800354, 0.5324529409408569","0.5884820818901062, 0.6933777928352356","0.43460607528686523, 0.6958650946617126","0.5250935554504395, 0.549514889717102","0.49599140882492065, 0.570073664188385","0.6179357171058655, 0.8483680486679077","0.4060152471065521, 0.8503880500793457","0.4868156909942627, 0.29187050461769104"
0.3670337003670337,7.895433219339035,6.227268688147126,182.4793267808203,179.18532137986136,159.9806964119137,204.37572242477472,183.15576884886636,177.62159949171323,"0.5718528628349304, 0.3298644423484802","0.4285770356655121, 0.35041365027427673","0.5444660186767578, 0.44870996475219727","0.4540615975856781, 0.46024733781814575","0.5507103204727173, 0.5302652716636658","0.46878013014793396, 0.5329223871231079","0.5886425971984863, 0.6953109502792358","0.4331362843513489, 0.6952582597732544","0.5240356922149658, 0.5355031490325928","0.4816454350948334, 0.5673737525939941","0.6179243922233582, 0.848540186882019","0.4054679274559021, 0.8503338694572449","0.483788400888443, 0.2914794683456421"
0.4004004004004004,10.407358206622739,4.750121416328022,184.08795570159748,181.354299390202,160.1746933655719,204.18111564011633,183.0595114832115,177.2615716539766,"0.5692092180252075, 0.3335256278514862","0.42634186148643494, 0.34975385665893555","0.5360321998596191, 0.44878116250038147","0.45002785325050354, 0.46044015884399414","0.5486173033714294, 0.5349873304367065","0.4667203426361084, 0.5373197793960571","0.5886471271514893, 0.6969708204269409","0.429760605096817, 0.6970723271369934","0.511799693107605, 0.5378004312515259","0.47394365072250366, 0.5695280432701111","0.617863655090332, 0.8485383987426758","0.4054664671421051, 0.8487122654914856","0.4838201403617859, 0.29151076078414917"
0.4337671004337671,13.22517113232078,3.424623656369012,185.71697591109307,183.49069416429677,160.43422362079588,203.9209715798313,182.92118845941565,176.90471763428855,"0.5661429166793823, 0.3388596475124359","0.42410025000572205, 0.3484284579753876","0.524936318397522, 0.4541504383087158","0.4448656141757965, 0.4603038728237152","0.5440976023674011, 0.5357171893119812","0.46273964643478394, 0.5368654131889343","0.5882816314697266, 0.6967686414718628","0.4275883138179779, 0.6959353685379028","0.49077922105789185, 0.5472069978713989","0.46444159746170044, 0.5729144811630249","0.6178491711616516, 0.8485909700393677","0.40546172857284546, 0.8481769561767578","0.48180335760116577, 0.2912967801094055"
0.4671338004671338,16.316563531813728,2.388693621415176,187.29872705360057,185.53323293200094,160.75381889852864,203.60076353322623,182.74286710548427,176.55398928672813,"0.5625104308128357, 0.34318509697914124","0.4206116199493408, 0.3462352752685547","0.5226403474807739, 0.4563661217689514","0.43660101294517517, 0.46035367250442505","0.5415421724319458, 0.5353226661682129","0.4608002305030823, 0.5367933511734009","0.5872539281845093, 0.6960533261299133","0.42680516839027405, 0.6886265277862549","0.476013720035553, 0.5505490899085999","0.447593629360199, 0.5734211802482605","0.6178365349769592, 0.8485908508300781","0.4052278399467468, 0.848157525062561","0.48130059242248535, 0.2916862368583679"
0.5005005005005005,19.64922694048217,1.7802495246115653,188.76554877341346,187.42064292316974,161.1280109197132,203.2259647896076,182.5266147494228,176.21233846537444,"0.5600249767303467, 0.3472183346748352","0.41933441162109375, 0.34388017654418945","0.5136651396751404, 0.45857173204421997","0.4298974871635437, 0.4584406316280365","0.5412499904632568, 0.5374170541763306","0.4597223401069641, 0.5365332365036011","0.5865770578384399, 0.6957975029945374","0.42641329765319824, 0.6880398988723755","0.4611886441707611, 0.5500918626785278","0.4294828772544861, 0.5684627890586853","0.6178250908851624, 0.8486064672470093","0.40514031052589417, 0.8484285473823547","0.4807624816894531, 0.2947096526622772"
0.5338672005338673,23.190852893706634,1.7372095791032587,190.04978071482523,189.0916513676584,161.55133140529253,202.80204863828197,182.27449871923673,175.88271702430657,"0.5566271543502808, 0.3521743416786194","0.4189242422580719, 0.3414434492588043","0.5010390281677246, 0.4624868333339691","0.4216724932193756, 0.45332956314086914","0.5416109561920166, 0.5403318405151367","0.4602280259132385, 0.5390677452087402","0.5865045785903931, 0.6964754462242126","0.42594853043556213, 0.6883282661437988","0.4542725086212158, 0.5469516515731812","0.41690534353256226, 0.562330961227417","0.6178191900253296, 0.8486065864562988","0.4049714207649231, 0.8485934138298035","0.4785241186618805, 0.29461538791656494"
0.5672339005672339,26.90913292686774,2.397491998034729,191.0837625221312,190.48498549532377,162.01831207621098,202.3344883685576,181.9885863429331,175.56807681760503,"0.5542367100715637, 0.3552855849266052","0.4187050461769104, 0.3407313823699951","0.4872528612613678, 0.46870797872543335","0.4173516631126404, 0.45049700140953064","0.5412071347236633, 0.5405482053756714","0.45851612091064453, 0.5385861396789551","0.5855230689048767, 0.6962756514549255","0.4258977472782135, 0.6859886050224304","0.41778045892715454, 0.5603222250938416","0.4142807424068451, 0.5568229556083679","0.617824137210846, 0.8486563563346863","0.4047737121582031, 0.848609447479248","0.4731670916080475, 0.29565194249153137"
0.6006006006006006,30.39961632621585,7.12942670242237,190.34773217171954,189.69339768031466,162.5220298901421,201.9224913264761,181.64405944438667,175.2316861470637,"0.5491085052490234, 0.3569375276565552","0.41894370317459106, 0.3361545503139496","0.47766247391700745, 0.4700314402580261","0.40774574875831604, 0.4435875415802002","0.539075493812561, 0.5417699217796326","0.456838995218277, 0.5394419431686401","0.584443211555481, 0.6960833072662354","0.4256448745727539, 0.6864380240440369","0.4048497676849365, 0.5609196424484253","0.3955269455909729, 0.5490447878837585","0.617783784866333, 0.8486531972885132","0.40461698174476624, 0.8485044240951538","0.47391992807388306, 0.29565173387527466"
0.6339673006339673,34.25927525158383,13.038825937358514,189.4073559464606,189.5387507206305,163.07964216407578,201.45744006390476,181.29621709064355,174.90927982548038,"0.5459598898887634, 0.3590163588523865","0.41924795508384705, 0.33404502272605896","0.4665897488594055, 0.47068196535110474","0.4023362100124359, 0.44045835733413696","0.5391986966133118, 0.543500542640686","0.4557095170021057, 0.5405430197715759","0.5831595659255981, 0.697868287563324","0.42543825507164, 0.6808993220329285","0.3931654393672943, 0.5627709627151489","0.3605440855026245, 0.55204176902771","0.6177763342857361, 0.8486615419387817","0.4046122431755066, 0.8482856750488281","0.47328120470046997, 0.2966323494911194"
0.6673340006673341,38.243151339035386,28.40845930636062,188.07348825575136,188.67644373043973,163.63757843908226,200.9706262034902,180.9377232616387,174.60143808312554,"0.5408532619476318, 0.3614571690559387","0.41941237449645996, 0.3343361020088196","0.4600198268890381, 0.47003173828125","0.39218050241470337, 0.43782201409339905","0.5372692346572876, 0.5458746552467346","0.4530769884586334, 0.5432474613189697","0.5805419683456421, 0.6994248628616333","0.4240955412387848, 0.6876543164253235","0.39018863439559937, 0.5470851063728333","0.3428961932659149, 0.5397045016288757","0.6177698373794556, 0.8488374948501587","0.40455618500709534, 0.8483773469924927","0.47337374091148376, 0.2996877133846283"
0.7007007007007008,42.45511386035998,35.0531112502544,186.28800490846012,186.69528483442292,164.22937678513307,200.4219150821861,180.53956894575683,174.32625488911594,"0.5378623008728027, 0.3621456027030945","0.42224255204200745, 0.33350303769111633","0.4600203037261963, 0.4612489640712738","0.3875579237937927, 0.4340834617614746","0.5370601415634155, 0.5477436780929565","0.45363283157348633, 0.5446347594261169","0.5798338651657104, 0.7020543813705444","0.4228697717189789, 0.690631628036499","0.38166388869285583, 0.5252891778945923","0.3273603320121765, 0.5284116864204407","0.6177646517753601, 0.8488602638244629","0.40447163581848145, 0.848840057849884","0.4712409973144531, 0.2986367642879486"
0.7340674007340674,46.680125568410446,44.37097391026458,183.60817373628862,182.75377137475184,164.92372272820123,199.7968578806445,180.13536125087026,174.10285917739353,"0.5351510047912598, 0.3651425242424011","0.42605963349342346, 0.33352363109588623","0.4502812325954437, 0.45872125029563904","0.3857227563858032, 0.4265689253807068","0.5355609059333801, 0.5482112169265747","0.45260676741600037, 0.5452557802200317","0.5772871971130371, 0.7016968727111816","0.42140698432922363, 0.6932002305984497","0.3581925332546234, 0.51639324426651","0.32755741477012634, 0.5070791244506836","0.617754340171814, 0.8488475680351257","0.40438491106033325, 0.8493592143058777","0.4683017134666443, 0.29833680391311646"
0.7674341007674341,51.02928430469777,51.711637031220036,180.2990329639891,181.1100353070684,165.4612178128208,199.10728908441047,179.70790204751594,173.93024248166432,"0.5325518250465393, 0.36762940883636475","0.42945942282676697, 0.33260637521743774","0.4357936978340149, 0.4570140242576599","0.38414108753204346, 0.4155100882053375","0.53493732213974, 0.5501022338867188","0.45175066590309143, 0.5464262962341309","0.5750593543052673, 0.7023179531097412","0.42066749930381775, 0.6956331729888916","0.3265042006969452, 0.5039910078048706","0.30908137559890747, 0.48863935470581055","0.6177523136138916, 0.8488485217094421","0.4042835831642151, 0.8493744134902954","0.46898651123046875, 0.29783496260643005"
0.8008008008008008,55.29399874700726,68.69874095814151,176.66103919538332,182.8086955386486,166.10319676338403,198.38377271265324,179.08719025155443,173.78728134194105,"0.5318617820739746, 0.36939021944999695","0.4325273633003235, 0.332427054643631","0.4284500479698181, 0.44756537675857544","0.3818233907222748, 0.4129548966884613","0.5344595909118652, 0.551731288433075","0.4507896304130554, 0.5478349924087524","0.573322057723999, 0.7032381296157837","0.4206056594848633, 0.695941686630249","0.3112312853336334, 0.4743494987487793","0.2993902564048767, 0.46524515748023987","0.6177858710289001, 0.8489698171615601","0.40424051880836487, 0.8493865728378296","0.46719154715538025, 0.2980392575263977"
0.8341675008341676,59.279901504717444,82.8941000957133,172.62370372678387,181.57193776553956,166.6448046819642,197.7027087784997,178.25584034908806,173.6590831974633,"0.528235137462616, 0.3690131902694702","0.43359318375587463, 0.3343289792537689","0.42486801743507385, 0.4322550296783447","0.37249863147735596, 0.4059695303440094","0.5346325635910034, 0.552737832069397","0.45081812143325806, 0.5493485331535339","0.5732918977737427, 0.7049515247344971","0.42038822174072266, 0.6983104944229126","0.31448858976364136, 0.45048823952674866","0.2937834560871124, 0.4408801198005676","0.6177839040756226, 0.8494535684585571","0.40400680899620056, 0.8493903279304504","0.4661834239959717, 0.29794126749038696"
0.8675342008675342,63.51611184690588,95.01902904468956,167.68460303047505,178.68438363551456,167.2624261046785,197.02268237464062,177.31089103310555,173.3998754731921,"0.5244737863540649, 0.3710898756980896","0.4330412447452545, 0.3342271149158478","0.41717496514320374, 0.42549410462379456","0.3680563271045685, 0.401458740234375","0.5346037149429321, 0.5524731874465942","0.4508918225765228, 0.5493365526199341","0.5731249451637268, 0.7059823274612427","0.420152485370636, 0.6981418132781982","0.3112788796424866, 0.4271376132965088","0.28967955708503723, 0.42068687081336975","0.6177849173545837, 0.849579930305481","0.4039868414402008, 0.8493960499763489","0.4666450619697571, 0.298003613948822"
0.9009009009009008,67.93053101450442,107.32496554246535,159.78899991446738,167.9727551331881,167.90512400184298,196.4271545909975,176.55120999867344,172.94069826085436,"0.5192819833755493, 0.37317317724227905","0.4352695941925049, 0.3371981978416443","0.39802679419517517, 0.41283926367759705","0.3655323088169098, 0.3956940472126007","0.5340689420700073, 0.5526783466339111","0.45103731751441956, 0.5498765110969543","0.5724537372589111, 0.7061842679977417","0.420065313577652, 0.6978939771652222","0.2954774498939514, 0.4005928039550781","0.28167790174484253, 0.40299639105796814","0.6177879571914673, 0.8498330116271973","0.4039545953273773, 0.8492109179496765","0.46000298857688904, 0.299324095249176"
0.9342676009342676,72.57622389686271,118.16803852520474,152.86340439678403,160.33569452675775,168.37995810319924,195.62269891538512,176.06286747369063,172.63570373247708,"0.5195087790489197, 0.37271520495414734","0.4352572560310364, 0.34176427125930786","0.41000452637672424, 0.3992210924625397","0.3682164251804352, 0.3776794373989105","0.5338135957717896, 0.5536500215530396","0.4506899416446686, 0.5513050556182861","0.5714640021324158, 0.705971896648407","0.42003077268600464, 0.6979023218154907","0.3101627230644226, 0.38017308712005615","0.2921310365200043, 0.3768942356109619","0.6177672147750854, 0.850140392780304","0.4040466845035553, 0.8493693470954895","0.46040239930152893, 0.3021776080131531"
0.9676343009676344,77.11845672765547,127.49499157063487,146.78157038091967,154.68499103921684,168.54696215690532,194.5999057259667,175.8923268738209,172.72974184269773,"0.5215717554092407, 0.37284767627716064","0.4365464150905609, 0.3487818241119385","0.4202097952365875, 0.4014815390110016","0.37162432074546814, 0.3796277940273285","0.5337093472480774, 0.5540082454681396","0.4507782459259033, 0.5516836047172546","0.5712665915489197, 0.705808699131012","0.42004579305648804, 0.6978010535240173","0.32180899381637573, 0.37086889147758484","0.29675355553627014, 0.34500420093536377","0.6177247762680054, 0.8505821228027344","0.4040435254573822, 0.8493814468383789","0.461681991815567, 0.31026822328567505"
1.001001001001001,80.83931228231764,135.27394140790528,142.55813257266993,150.12356144393286,168.64333080257427,193.76792052294573,175.85690045812012,173.03015423394345,"0.5228413343429565, 0.37226706743240356","0.43885135650634766, 0.3503164052963257","0.43705853819847107, 0.398612916469574","0.3798425793647766, 0.35966235399246216","0.5335721373558044, 0.5542363524436951","0.4506222605705261, 0.5523681044578552","0.5704339742660522, 0.7057850956916809","0.4200572073459625, 0.69773268699646","0.3445630967617035, 0.3556000590324402","0.3750387728214264, 0.3352569341659546","0.6174231171607971, 0.8505899310112","0.40404123067855835, 0.8495877981185913","0.4617893695831299, 0.31222397089004517"
1.0343677010343677,83.17612791844823,140.87472654681787,139.16107954956817,145.96357583337652,168.53777141251555,192.9638606595074,176.00343134117372,173.6825575301321,"0.5225313901901245, 0.37187084555625916","0.44185566902160645, 0.34899547696113586","0.44512176513671875, 0.396793395280838","0.379842609167099, 0.32748979330062866","0.5335618257522583, 0.5542569160461426","0.45066601037979126, 0.5525545477867126","0.5699334144592285, 0.705727756023407","0.42024117708206177, 0.6976408362388611","0.3492024838924408, 0.33245915174484253","0.3571542203426361, 0.26500385999679565","0.6171512007713318, 0.8507603406906128","0.4040115773677826, 0.849825382232666","0.46169114112854004, 0.3106614947319031"
1.0677344010677343,84.2207079025763,144.09233150139207,137.26055893759172,141.69441020455508,168.22217770936933,192.32833961365324,176.2675020260176,174.67120968175644,"0.523065447807312, 0.3715589642524719","0.44245535135269165, 0.3493269085884094","0.4459213614463806, 0.3872308135032654","0.37475767731666565, 0.31159907579421997","0.5334640145301819, 0.5543066263198853","0.4506991505622864, 0.5526226162910461","0.5695491433143616, 0.7059037685394287","0.4204951822757721, 0.6976135969161987","0.3537512719631195, 0.31256234645843506","0.3507043421268463, 0.24507877230644226","0.6168987154960632, 0.850852370262146","0.40394073724746704, 0.8508375287055969","0.46226438879966736, 0.3096480965614319"
1.1011011011011012,83.94178126509145,145.18113289880736,139.4184946110955,137.667310677091,167.83158545046817,191.8889800356104,176.64648781067672,175.8818993563621,"0.5225708484649658, 0.3705691695213318","0.4432760179042816, 0.349313348531723","0.44819802045822144, 0.38851773738861084","0.37492048740386963, 0.30338364839553833","0.533394455909729, 0.5546180009841919","0.4507247805595398, 0.5527839660644531","0.5694760084152222, 0.7059210538864136","0.420865923166275, 0.6984744071960449","0.3623921275138855, 0.2979760766029358","0.36384183168411255, 0.2398761510848999","0.6165730357170105, 0.8510233759880066","0.4039081037044525, 0.8512572050094604","0.4560597538948059, 0.3117240071296692"
1.1344678011344678,82.2575015317578,144.29122214657278,141.0115822254342,133.8111178592375,167.5244995835579,191.84926459255033,177.11182242476883,177.19541533477886,"0.5228706002235413, 0.36961445212364197","0.44461387395858765, 0.3490214943885803","0.45405369997024536, 0.3821810781955719","0.38756391406059265, 0.29475146532058716","0.5328807830810547, 0.5545715093612671","0.45070821046829224, 0.552703320980072","0.5694777369499207, 0.7059174180030823","0.4209323525428772, 0.699173629283905","0.37907031178474426, 0.29155734181404114","0.3775278329849243, 0.2313888520002365","0.6165652275085449, 0.8513165712356567","0.40359753370285034, 0.8512652516365051","0.45659905672073364, 0.3109637200832367"
1.1678345011678346,79.19656807221061,141.95909922488048,136.45755987723825,129.25800777839052,167.31398952765394,192.03202386693997,177.5502489556834,178.6325963679346,"0.5236006379127502, 0.36952248215675354","0.4472590386867523, 0.34528982639312744","0.4537772536277771, 0.37268388271331787","0.399333655834198, 0.2909141182899475","0.5325404405593872, 0.5547136068344116","0.4506220817565918, 0.5527154207229614","0.5694693326950073, 0.7059506177902222","0.42099207639694214, 0.6994407176971436","0.39732474088668823, 0.2890995144844055","0.39163124561309814, 0.22925646603107452","0.616527795791626, 0.8508960604667664","0.403352826833725, 0.8512843251228333","0.45863622426986694, 0.31046023964881897"
1.2012012012012012,76.11439881025161,138.4134770783641,128.42706307516423,125.36627621841455,167.17897568918545,192.25019646573568,178.04777877282288,180.25574599068594,"0.5270001292228699, 0.3670401871204376","0.44735074043273926, 0.3423736095428467","0.4544188976287842, 0.3726816773414612","0.41097816824913025, 0.3115741014480591","0.5325539708137512, 0.5548571348190308","0.45071178674697876, 0.5528094172477722","0.5694479942321777, 0.7065669298171997","0.4221862256526947, 0.6996749043464661","0.409385621547699, 0.2847883105278015","0.42208677530288696, 0.2585154175758362","0.616364061832428, 0.8508426547050476","0.40305423736572266, 0.8512841463088989","0.4646073281764984, 0.31031304597854614"
1.234567901234568,72.5217713458189,133.95989756193507,125.71874429919212,122.7600259030747,167.17115779934713,192.6245521296032,178.555835980209,181.89193799721386,"0.527265727519989, 0.36306408047676086","0.4504784941673279, 0.3422607183456421","0.45424485206604004, 0.36724770069122314","0.43993431329727173, 0.3908867835998535","0.5329939126968384, 0.5548260807991028","0.4513700008392334, 0.5526254773139954","0.569679856300354, 0.7068836092948914","0.4241921901702881, 0.6996523141860962","0.41983160376548767, 0.27321505546569824","0.4585185647010803, 0.40750035643577576","0.616178572177887, 0.8508138656616211","0.4026173949241638, 0.8514167070388794","0.4664546549320221, 0.304904043674469"
1.267934601267935,68.61135264218383,129.0366819360859,123.74641995414565,120.81765419893914,167.4249935705312,193.06251502140577,179.02181575498545,183.54391050856748,"0.5302792191505432, 0.35537558794021606","0.45284658670425415, 0.3412392735481262","0.45718804001808167, 0.3624482750892639","0.447772353887558, 0.3340451121330261","0.5337477922439575, 0.5548067688941956","0.4536464810371399, 0.5525420308113098","0.5703751444816589, 0.7071705460548401","0.4267265796661377, 0.6990758180618286","0.43007850646972656, 0.27461597323417664","0.46304982900619507, 0.2601930499076843","0.61578768491745, 0.850909411907196","0.40225520730018616, 0.8515904545783997","0.4701322615146637, 0.30121707916259766"
1.3013013013013013,64.82000134012124,124.31485572734789,122.91550125717573,118.42451076921267,167.88614073738682,193.5613705197075,179.56728141657968,185.15467490210096,"0.5480321049690247, 0.3566470742225647","0.4575517773628235, 0.34057414531707764","0.4685290455818176, 0.358915776014328","0.45870241522789, 0.3308570683002472","0.5375896692276001, 0.5554621815681458","0.45814967155456543, 0.553205132484436","0.57124924659729, 0.7076345682144165","0.4300566613674164, 0.6985376477241516","0.43540626764297485, 0.2727665305137634","0.473574161529541, 0.26207435131073","0.615324854850769, 0.8513302803039551","0.4016207158565521, 0.8519099950790405","0.4761365056037903, 0.30140620470046997"
1.334668001334668,65.60535468628925,118.42592828821684,124.0959445666976,118.09427235469651,168.42796566364524,194.15356078555914,180.0901438540166,186.78852148446109,"0.544779896736145, 0.3556685149669647","0.4621208608150482, 0.34125787019729614","0.4852379262447357, 0.3647642135620117","0.4516056478023529, 0.33517783880233765","0.5425564050674438, 0.5568828582763672","0.4637446999549866, 0.5538316965103149","0.5735858082771301, 0.7111262083053589","0.4344859719276428, 0.6985133290290833","0.43474507331848145, 0.28279054164886475","0.4566696584224701, 0.2675047218799591","0.615304172039032, 0.8524686098098755","0.40147241950035095, 0.852873682975769","0.475432813167572, 0.30554264783859253"
1.3680347013680347,66.10503130836251,110.74277085762286,126.12680088629408,120.1954687975526,169.06916145159673,194.8909137395705,180.45811909915707,188.39967947774983,"0.5543655157089233, 0.35448479652404785","0.4646318554878235, 0.3416759967803955","0.47892674803733826, 0.36710381507873535","0.4601999819278717, 0.37275663018226624","0.54730224609375, 0.5545238852500916","0.46997174620628357, 0.5523162484169006","0.5812217593193054, 0.7108981013298035","0.44051647186279297, 0.698911726474762","0.4310372769832611, 0.28996002674102783","0.45611318945884705, 0.28001669049263","0.6153335571289062, 0.8526821136474609","0.4026792645454407, 0.8533369302749634","0.4766272008419037, 0.30673590302467346"
1.4014014014014016,66.3170951931377,102.60035367990179,135.09051360714346,123.69850464834771,169.82255875262751,195.51051185867829,180.70575544809577,190.05303653583013,"0.5515855550765991, 0.3603108823299408","0.4792501926422119, 0.3509141504764557","0.4765826165676117, 0.3743075430393219","0.4504924416542053, 0.3859122693538666","0.5561540126800537, 0.5573370456695557","0.4798033833503723, 0.5561851859092712","0.5940263867378235, 0.7117239236831665","0.45023471117019653, 0.7024102210998535","0.42488378286361694, 0.30337396264076233","0.44836124777793884, 0.36495548486709595","0.61548912525177, 0.853094220161438","0.40450793504714966, 0.8533865213394165","0.4791788160800934, 0.30581921339035034"
1.4347681014347682,65.55821870600843,92.4411679591527,141.62204175388368,129.93024603099684,170.74502138369937,196.34555825471955,180.8554896834609,191.68777677094968,"0.5607181191444397, 0.36694079637527466","0.476409375667572, 0.35107213258743286","0.4818992018699646, 0.3984117805957794","0.4348209798336029, 0.37793177366256714","0.5637258291244507, 0.5572201013565063","0.4860626757144928, 0.5559592843055725","0.6056870222091675, 0.709487795829773","0.46424633264541626, 0.7040365934371948","0.39231163263320923, 0.3594459891319275","0.4342811107635498, 0.3381969928741455","0.6172168254852295, 0.8530561327934265","0.4066670536994934, 0.8533928990364075","0.48018401861190796, 0.30962103605270386"
1.4681348014681348,57.457708376805,82.434569346271,147.0537560902614,136.34135952939604,171.8979262564682,197.53264644874545,180.71832499257962,193.12971434857067,"0.5755329728126526, 0.3667605519294739","0.4744269847869873, 0.35574477910995483","0.5028561353683472, 0.4157944321632385","0.4501175284385681, 0.429616779088974","0.5704771280288696, 0.5571293234825134","0.49311184883117676, 0.5561002492904663","0.609380841255188, 0.7037633061408997","0.48191896080970764, 0.7080351710319519","0.39455845952033997, 0.42208701372146606","0.4281889498233795, 0.4321718215942383","0.6212515234947205, 0.8504894971847534","0.40785592794418335, 0.8489586710929871","0.48944196105003357, 0.3054371476173401"
1.5015015015015016,51.664695341588406,71.53154625806687,147.56579670245472,147.8917868977099,173.55725219528318,198.63720555414199,180.7413731354439,194.36444730361472,"0.5819257497787476, 0.3512880504131317","0.4640122950077057, 0.3588884174823761","0.5339915752410889, 0.426582396030426","0.4489249289035797, 0.4686248302459717","0.5755857229232788, 0.556644082069397","0.5039318799972534, 0.5571897625923157","0.6096253991127014, 0.7009751200675964","0.4948456287384033, 0.7072376012802124","0.4543377757072449, 0.47093647718429565","0.4418479800224304, 0.48200178146362305","0.6236310005187988, 0.8497341275215149","0.40916043519973755, 0.8468285799026489","0.49148136377334595, 0.283610075712204"
1.5348682015348682,46.454966420424256,62.34516770902429,150.95441905897107,156.31537396348074,175.0557589797636,199.5046470382238,180.70565190509058,195.53434822057167,"0.5788248777389526, 0.32754606008529663","0.4570519030094147, 0.36156341433525085","0.5643037557601929, 0.42555275559425354","0.4663824439048767, 0.4495534300804138","0.5823883414268494, 0.5547536611557007","0.5169607996940613, 0.5569965243339539","0.6062754392623901, 0.7015386819839478","0.4996543824672699, 0.7067002058029175","0.5064272880554199, 0.5002569556236267","0.4885588586330414, 0.5160744786262512","0.6232328414916992, 0.8495981097221375","0.41190797090530396, 0.8433343768119812","0.4897616505622864, 0.28696101903915405"
1.5682349015682349,49.271226498423005,52.74083346848894,157.21313430899852,165.92882307216055,176.76749706230984,200.26780780958396,180.59537584103865,196.52792433656631,"0.5734711289405823, 0.30256202816963196","0.45713382959365845, 0.3597351610660553","0.5844296216964722, 0.42371344566345215","0.483583927154541, 0.4534451961517334","0.5793969631195068, 0.5353015661239624","0.518429160118103, 0.5397201776504517","0.6034849286079407, 0.6958226561546326","0.5039994716644287, 0.7018502950668335","0.590039849281311, 0.4952932298183441","0.5556307435035706, 0.5229215025901794","0.6216266751289368, 0.8496268391609192","0.4171140193939209, 0.8410191535949707","0.48382067680358887, 0.2868472635746002"
1.6016016016016017,43.936777409778465,51.487899143312674,161.41290848319454,173.45361748539128,178.2881014473321,201.00326409497669,180.45529340692997,197.49750384785273,"0.5713852643966675, 0.30909430980682373","0.459947407245636, 0.36863070726394653","0.6014401316642761, 0.41880232095718384","0.5138586163520813, 0.4572235941886902","0.583330512046814, 0.5381280779838562","0.5229755640029907, 0.5417500734329224","0.6026519536972046, 0.6954947710037231","0.5041682720184326, 0.699998676776886","0.6321755051612854, 0.4944538176059723","0.6072132587432861, 0.49851852655410767","0.620705246925354, 0.8495688438415527","0.41949573159217834, 0.8382115364074707","0.5037303566932678, 0.28874471783638"
1.6349683016349683,50.77023129768835,57.471009914775635,163.09674715420726,180.87018467309193,179.74544147654194,201.79859224294447,180.17262711520488,198.36469088599947,"0.5571161508560181, 0.3174950182437897","0.4656151831150055, 0.374398797750473","0.6038051247596741, 0.41543683409690857","0.544768214225769, 0.4413476884365082","0.5856713056564331, 0.5398982763290405","0.5247944593429565, 0.5433667898178101","0.6016680002212524, 0.6959396600723267","0.49940767884254456, 0.699256956577301","0.6578429341316223, 0.4562841057777405","0.6508907079696655, 0.4702412188053131","0.6199127435684204, 0.8496756553649902","0.4197956621646881, 0.8357985615730286","0.5074535608291626, 0.29082557559013367"
1.6683350016683351,56.30893216025657,64.14723949081659,170.38034250306455,187.13072179431998,181.00213684114658,202.7809114579877,179.8725408043207,198.95420498678368,"0.5527893304824829, 0.3217833340167999","0.4730563759803772, 0.3802741765975952","0.5888014435768127, 0.3624489903450012","0.570135772228241, 0.42023125290870667","0.5901862978935242, 0.5407305955886841","0.5276644825935364, 0.5447887182235718","0.6010549664497375, 0.6963995099067688","0.49813327193260193, 0.698776364326477","0.5986496210098267, 0.3006030023097992","0.6855155825614929, 0.42790132761001587","0.6192213892936707, 0.8496966361999512","0.41934242844581604, 0.8335400819778442","0.5053572058677673, 0.3041112422943115"
1.7017017017017018,59.460178654824446,71.65214817777597,173.64488224388765,191.74563683936677,182.26225136140346,203.713471263646,179.29946412990557,199.52673664111808,"0.5575253367424011, 0.32613855600357056","0.48896703124046326, 0.38444608449935913","0.5991581082344055, 0.3456222414970398","0.5981547832489014, 0.391398161649704","0.5947345495223999, 0.541278064250946","0.5304421186447144, 0.5451370477676392","0.601281464099884, 0.6958392858505249","0.5008442401885986, 0.6973128914833069","0.5684178471565247, 0.2918972671031952","0.7079696655273438, 0.3737126290798187","0.6191614866256714, 0.8497516512870789","0.4210590720176697, 0.8340980410575867","0.5089432597160339, 0.3037879765033722"
1.7350684017350684,62.94643697593156,79.78150507678828,176.62512373622437,195.63964037539574,183.44887418392688,204.47370524752736,178.47528611321383,200.19350656165298,"0.5514485239982605, 0.3285808861255646","0.49941644072532654, 0.3823719620704651","0.6184448003768921, 0.32067376375198364","0.6025498509407043, 0.3695923089981079","0.5945437550544739, 0.5415045022964478","0.5348456501960754, 0.5450749397277832","0.6019538044929504, 0.6947410106658936","0.5046753883361816, 0.6960272789001465","0.7040955424308777, 0.31235116720199585","0.6957405209541321, 0.32942065596580505","0.6191254258155823, 0.8499041795730591","0.42368707060813904, 0.8340204954147339","0.505931556224823, 0.30054646730422974"
1.7684351017684352,67.68077223916647,88.61689383258695,179.75968727432078,198.4803159580247,184.5687636167032,205.06588913246554,177.4664469700339,200.8438657920924,"0.5497546792030334, 0.33196204900741577","0.5091059803962708, 0.38104069232940674","0.5977171063423157, 0.3240467309951782","0.6111868619918823, 0.3430402874946594","0.5958925485610962, 0.5412300825119019","0.5426973104476929, 0.5417066812515259","0.6016665101051331, 0.6943870782852173","0.5060728788375854, 0.6948902010917664","0.5730963945388794, 0.28605392575263977","0.6894357204437256, 0.2750401198863983","0.6189503073692322, 0.8500634431838989","0.42415523529052734, 0.8341018557548523","0.5115854144096375, 0.30048471689224243"
1.8018018018018016,72.82442489873065,98.8388527352712,176.35486901509515,198.779183699561,185.6022425902396,205.44918387640558,176.2471227322858,201.52677037613176,"0.5500972270965576, 0.33191531896591187","0.5136534571647644, 0.37433239817619324","0.6114393472671509, 0.3003503978252411","0.6013261079788208, 0.32884129881858826","0.598596453666687, 0.5399172306060791","0.5466336011886597, 0.5401026010513306","0.6015511751174927, 0.6931634545326233","0.5096389055252075, 0.691234290599823","0.6620151996612549, 0.23999223113059998","0.6667783856391907, 0.24726562201976776","0.6187338829040527, 0.8502402305603027","0.4244043231010437, 0.8323603868484497","0.5228708386421204, 0.2873125374317169"
1.8351685018351689,79.99556970660535,110.95643735932649,175.56989570228333,200.25361003283106,186.53124994107105,205.57736043693018,174.88346342181472,201.47112108603818,"0.5574725270271301, 0.33003562688827515","0.5088080167770386, 0.36606723070144653","0.6218906044960022, 0.275251567363739","0.5902615189552307, 0.32131296396255493","0.5987104177474976, 0.5403203368186951","0.5462316274642944, 0.5407270193099976","0.6011688113212585, 0.6934568881988525","0.5112481117248535, 0.690553605556488","0.6467928886413574, 0.19817295670509338","0.648969829082489, 0.21051481366157532","0.6185005903244019, 0.8504499197006226","0.4242311120033264, 0.8306028246879578","0.5376300811767578, 0.2797201871871948"
1.8685352018685355,86.88466130296933,122.70721586686727,174.45333604420375,200.52294721555296,187.33810574871677,205.58756257679423,173.43937231172316,201.44497181564944,"0.5668018460273743, 0.3135261535644531","0.5053132176399231, 0.3558904826641083","0.6162822246551514, 0.26374271512031555","0.5777202248573303, 0.34183037281036377","0.5991319417953491, 0.5385604500770569","0.5488693118095398, 0.5393900871276855","0.5968725681304932, 0.6936566829681396","0.5121186971664429, 0.6906127333641052","0.6239739060401917, 0.18558964133262634","0.5774061679840088, 0.26071658730506897","0.6183117628097534, 0.8505657315254211","0.4241897463798523, 0.8236806988716125","0.5460199117660522, 0.26702186465263367"
1.901901901901902,93.26980177223626,133.74241696705428,173.05522584394072,199.47499140812076,188.01131130637808,205.4781894388043,171.92714285201268,201.48284321485778,"0.5675312876701355, 0.30775076150894165","0.511191725730896, 0.33455196022987366","0.6136461496353149, 0.3983067572116852","0.574636697769165, 0.3104320466518402","0.5997014045715332, 0.5335155725479126","0.5543793439865112, 0.5338414907455444","0.5939459204673767, 0.6931984424591064","0.5139045715332031, 0.6896331310272217","0.6212186217308044, 0.4908623695373535","0.5784322619438171, 0.1879449486732483","0.6181805729866028, 0.850788414478302","0.4241461753845215, 0.8232922554016113","0.5697826147079468, 0.25938013195991516"
1.9352686019352687,98.92909319882015,143.71326936904865,171.4256009045798,196.9975387709303,188.5393679072577,205.24764016576844,170.35906849268645,201.61925593355704,"0.5629600286483765, 0.31773653626441956","0.5349472165107727, 0.31719785928726196","0.5854593515396118, 0.38222676515579224","0.5738786458969116, 0.2729065418243408","0.599337100982666, 0.5338925123214722","0.5639810562133789, 0.5342475771903992","0.5939393043518066, 0.6930033564567566","0.5172362327575684, 0.6885433793067932","0.579627275466919, 0.40631651878356934","0.56340491771698, 0.18377944827079773","0.6177514791488647, 0.8507954478263855","0.418588787317276, 0.8207629323005676","0.5640555024147034, 0.2579733729362488"
1.9686353019686356,103.64063766713515,152.27100178201198,169.61449702920658,192.97838546437737,188.91077684455837,204.89431390049486,168.74744268374752,201.88873062164103,"0.562544047832489, 0.31922492384910583","0.5317591428756714, 0.30703404545783997","0.571840226650238, 0.3751511573791504","0.5504617094993591, 0.28059762716293335","0.5988593101501465, 0.5346015691757202","0.5680732131004333, 0.5349068641662598","0.5922641158103943, 0.6927329897880554","0.5156185626983643, 0.6887180209159851","0.5665847659111023, 0.3736969828605652","0.5248647928237915, 0.21224424242973328","0.6163924932479858, 0.8507658243179321","0.41402846574783325, 0.8209332227706909","0.582585871219635, 0.25356972217559814"
2.002002002002002,107.18253726159557,159.0668429151056,167.67195002090662,187.30532764885777,189.1140394114828,204.41660978579156,167.10455887519907,202.32578792900358,"0.5589996576309204, 0.31949344277381897","0.561241865158081, 0.29334330558776855","0.5585513114929199, 0.3679189383983612","0.5517886281013489, 0.25394636392593384","0.5958291292190552, 0.5350809693336487","0.5753158926963806, 0.5353161096572876","0.5898710489273071, 0.6926235556602478","0.5158683061599731, 0.6907668113708496","0.5690467357635498, 0.3731781840324402","0.5158272981643677, 0.20305709540843964","0.6158838868141174, 0.8506975173950195","0.4124237596988678, 0.8180004358291626","0.594123363494873, 0.2549212574958801"
2.035368702035369,109.33289406661538,163.75202147749087,165.6479956827655,179.86616148476725,189.13765690123367,203.81292696446673,165.44271051704416,202.96494850553842,"0.5325213670730591, 0.32036706805229187","0.5983685255050659, 0.3063609302043915","0.5017184019088745, 0.2671932578086853","0.5803221464157104, 0.23359210789203644","0.5809877514839172, 0.535233199596405","0.5803516507148743, 0.5356140732765198","0.5881099104881287, 0.6926783323287964","0.5216783881187439, 0.6908508539199829","0.49598783254623413, 0.22114622592926025","0.5194474458694458, 0.20865634083747864","0.6147642731666565, 0.8506264686584473","0.4108070731163025, 0.8136075735092163","0.5766701698303223, 0.258758544921875"
2.0687354020687354,109.86981016660884,165.9777661783295,163.59266981786885,170.54868313250165,188.97013060701374,203.0816645793284,163.77419105928595,203.84073300113943,"0.6017030477523804, 0.3128592371940613","0.5786420702934265, 0.311722069978714","0.5904168486595154, 0.24592025578022003","0.509823203086853, 0.2674805819988251","0.593589723110199, 0.5354110598564148","0.5740190148353577, 0.535735011100769","0.5860048532485962, 0.6926824450492859","0.5251423120498657, 0.689403772354126","0.5249118804931641, 0.2263154536485672","0.4953957498073578, 0.21937420964241028","0.614551842212677, 0.850508987903595","0.4100256860256195, 0.8121949434280396","0.5954926013946533, 0.2560126781463623"
2.1021021021021022,108.57138764599,165.3953057267825,161.55600822930208,159.24068875245672,188.5999618220257,202.22122177318468,162.11129395192754,204.98766206570036,"0.5876098871231079, 0.3051072359085083","0.5633207559585571, 0.3112395405769348","0.5461715459823608, 0.26311826705932617","0.5222027897834778, 0.2789119482040405","0.5906789302825928, 0.5342409014701843","0.5783767104148865, 0.5340450406074524","0.5810871124267578, 0.6895575523376465","0.5298883318901062, 0.6887245774269104","0.4805997312068939, 0.23041777312755585","0.5004020929336548, 0.22578270733356476","0.6143810749053955, 0.8500463366508484","0.41035574674606323, 0.8121616244316101","0.6035164594650269, 0.256786584854126"
2.135468802135469,105.21572858917301,161.6558688320116,159.58804672015094,145.82997450502833,188.0156518394723,201.2299976888437,160.46631264497205,206.44025634911506,"0.625056266784668, 0.29666998982429504","0.5403321385383606, 0.3025667667388916","0.5870195627212524, 0.31651240587234497","0.4745011329650879, 0.3019518256187439","0.594802737236023, 0.5310890674591064","0.5773435831069946, 0.5282455086708069","0.5803725123405457, 0.6885391473770142","0.5361834168434143, 0.6870430111885071","0.5464109778404236, 0.2966823875904083","0.48249754309654236, 0.23251569271087646","0.614324688911438, 0.8499595522880554","0.41287022829055786, 0.809861958026886","0.6174725294113159, 0.24963900446891785"
2.1688355021688355,99.5809350805722,154.4106842031781,157.73882109350092,130.20433655061214,187.2057019525562,200.10639146911356,158.85154058842264,208.23303650127735,"0.633536696434021, 0.29691940546035767","0.5324023962020874, 0.3040445148944855","0.5879576802253723, 0.28874439001083374","0.4488724172115326, 0.3340536057949066","0.6009768843650818, 0.5297929644584656","0.5753744840621948, 0.5263208150863647","0.5775838494300842, 0.6873404383659363","0.5375394821166992, 0.6858657002449036","0.5091187357902527, 0.24301402270793915","0.4711850583553314, 0.24564644694328308","0.6141654253005981, 0.8499409556388855","0.4145277440547943, 0.8115250468254089","0.6099709272384644, 0.25445976853370667"
2.2022022022022023,91.44510920460155,143.31098054944349,156.0583671524376,112.25157104960411,186.1586134544802,198.84880225680234,157.27927123228233,210.40052317208097,"0.640099287033081, 0.29737699031829834","0.5298416018486023, 0.3020775616168976","0.6282235383987427, 0.3722226917743683","0.4495461583137512, 0.34009531140327454","0.6033363342285156, 0.5286545753479004","0.573363184928894, 0.5242906808853149","0.5758605599403381, 0.686048150062561","0.5428037047386169, 0.6852417588233948","0.5942516922950745, 0.41019296646118164","0.46826285123825073, 0.24930624663829803","0.6139589548110962, 0.8499414324760437","0.419624388217926, 0.8129423260688782","0.6161187887191772, 0.25488752126693726"
2.235568902235569,80.58635304567508,128.00798657996916,154.59672070004655,91.85947416239996,184.86288763844695,197.45562919471817,155.76179802655435,212.9772370114198,"0.6420279741287231, 0.2953640818595886","0.528265118598938, 0.2996021509170532","0.6175477504730225, 0.3461240530014038","0.45203009247779846, 0.342449814081192","0.6062515377998352, 0.5284371376037598","0.5696808695793152, 0.5238285064697266","0.5691386461257935, 0.6862704157829285","0.5552539825439453, 0.6851609945297241","0.5225738883018494, 0.2606658339500427","0.4614621102809906, 0.24856826663017273","0.6137728691101074, 0.8497841954231262","0.42476963996887207, 0.8142274618148804","0.6095068454742432, 0.25578153133392334"
2.2689356022689355,66.78276868820737,108.15293100391634,153.40391753941327,68.9158420493954,183.3070257976592,195.92527142566914,154.31141442124175,215.99769866918754,"0.6454585790634155, 0.29088693857192993","0.5279169678688049, 0.29945382475852966","0.6169341206550598, 0.3007744550704956","0.45175957679748535, 0.34739333391189575","0.6067291498184204, 0.5272775888442993","0.5691363215446472, 0.5222316980361938","0.5698670744895935, 0.6860402822494507","0.561332106590271, 0.6814660429954529","0.5007356405258179, 0.24492354691028595","0.4558872580528259, 0.24956829845905304","0.6134926676750183, 0.8480011820793152","0.4302007555961609, 0.8138686418533325","0.6162202954292297, 0.25994279980659485"
2.3023023023023024,49.81245821661224,83.39704253044664,152.52999347362345,43.30847087098641,181.47952922531968,194.25612809246334,152.94041386634768,219.49642879527812,"0.6432832479476929, 0.2910153269767761","0.5279675722122192, 0.29803842306137085","0.6061484813690186, 0.3102884292602539","0.4523615837097168, 0.3505742847919464","0.6064616441726685, 0.5270443558692932","0.5681127309799194, 0.5225759744644165","0.5704166889190674, 0.6859280467033386","0.5592139959335327, 0.6816843152046204","0.5096578001976013, 0.2593328654766083","0.4619568884372711, 0.255243718624115","0.6132186651229858, 0.8470234870910645","0.4320524334907532, 0.8156757354736328","0.6183679103851318, 0.26017996668815613"
2.335669002335669,29.453523715303973,53.391549868721484,152.02498430576264,14.925156787568696,179.36889921463109,192.44659833790888,151.66108981187523,223.5079480395853,"0.6483429670333862, 0.2888825833797455","0.5280684232711792, 0.2962351143360138","0.6089962720870972, 0.34329015016555786","0.4515291154384613, 0.34791964292526245","0.6071495413780212, 0.5271931886672974","0.5674206614494324, 0.5220036506652832","0.5696173906326294, 0.686005711555481","0.5597960948944092, 0.6819838285446167","0.5458871126174927, 0.3158743679523468","0.4650535583496094, 0.2546907365322113","0.6130946278572083, 0.846324622631073","0.43266791105270386, 0.8182757496833801","0.6232306957244873, 0.26008421182632446"
2.369035702369036,5.484067268696606,17.78768172790228,151.9389258389163,-16.346304040462115,176.96363705879614,190.49508130481385,150.48573570782753,228.06677705200286,"0.6540865898132324, 0.29047802090644836","0.5288810729980469, 0.2967543303966522","0.6419970393180847, 0.36410585045814514","0.4541543424129486, 0.3458497226238251","0.6075345277786255, 0.5271992683410645","0.5677934885025024, 0.5218931436538696","0.5696664452552795, 0.6859651803970337","0.5587853193283081, 0.681998610496521","0.6164935827255249, 0.3738560378551483","0.4683775305747986, 0.2538313567638397","0.6131076216697693, 0.8461930155754089","0.43366044759750366, 0.8189423680305481","0.6180686354637146, 0.260162889957428"
