Time,Left Shoulder Angle,Right Shoulder Angle,Left Elbow Angle,Right Elbow Angle,Left Hip Angle,Right Hip Angle,Left Knee Angle,Right Knee Angle,"x, y Left Shoulder","x, y Right Shoulder","x, y Left Elbow","x, y Right Elbow","x, y Left Hip","x, y Right Hip","x, y Left Knee","x, y Right Knee","x, y Left Wrist","x, y Right Wrist","x, y Left Ankle","x, y Right Ankle","x, y Nose",Lateral Bending Angle,Leaning
0.0,27.326252537802414,30.89004985132864,155.77888304045757,164.41665154169334,132.18460760405952,135.65703297432037,204.0913615975777,201.17641916155387,"0.49363526701927185, 0.42155271768569946","0.5110152959823608, 0.4394264817237854","0.4861842691898346, 0.5523041486740112","0.5103675127029419, 0.5546247959136963","0.3914545178413391, 0.6077876091003418","0.40494662523269653, 0.6200514435768127","0.44189244508743286, 0.7580089569091797","0.44116267561912537, 0.7744827270507812","0.520892322063446, 0.6454406976699829","0.5375235676765442, 0.6553457379341125","0.4272729754447937, 0.9180597066879272","0.41859859228134155, 0.9452462196350098","0.5886162519454956, 0.39449766278266907",-29.581579061863025,Leading Side
0.0333667000333667,27.79530002154777,30.78703093839218,156.30843479102458,164.65963598144523,132.2361653009892,135.6028777067864,204.3244495408552,201.26631499580225,"0.4914263188838959, 0.42335692048072815","0.5108686685562134, 0.442777544260025","0.487968772649765, 0.5520415902137756","0.5103254318237305, 0.5547491312026978","0.38970747590065, 0.6077855825424194","0.4037947654724121, 0.6203092336654663","0.4422644078731537, 0.7572389841079712","0.4410374164581299, 0.7759521007537842","0.5271466374397278, 0.6449652910232544","0.5375880599021912, 0.6550389528274536","0.42726317048072815, 0.9180811047554016","0.4181055426597595, 0.9452042579650879","0.5725566148757935, 0.39908653497695923",-29.97801295162684,Leading Side
0.0667334000667334,28.113849113436032,30.665485159575084,156.74523269549573,164.8545528621719,132.2834164338817,135.52619673437883,204.52657251934224,201.37862946227173,"0.4903779923915863, 0.4249587059020996","0.5106271505355835, 0.4426482319831848","0.490215927362442, 0.5521766543388367","0.5100444555282593, 0.5531483292579651","0.3894205689430237, 0.6082296371459961","0.4028654992580414, 0.6205974817276001","0.4428304135799408, 0.7568374872207642","0.441007524728775, 0.7764038443565369","0.5295997858047485, 0.644932746887207","0.5377382040023804, 0.6546095609664917","0.4272204339504242, 0.9176548719406128","0.41773825883865356, 0.9450682401657104","0.5681032538414001, 0.40018653869628906",-30.020041928738085,Leading Side
0.1001001001001001,28.292290057577333,30.5261004719906,157.09609753912713,165.00470317596918,132.32648091919816,135.4308415932007,204.69939771112735,201.5111384450048,"0.4898560643196106, 0.4256724417209625","0.5101838111877441, 0.442574679851532","0.4910542964935303, 0.5521968603134155","0.5095373392105103, 0.5517081022262573","0.3898671865463257, 0.6086944937705994","0.40262383222579956, 0.6208509206771851","0.44331854581832886, 0.7566236257553101","0.44099998474121094, 0.7764960527420044","0.530129611492157, 0.6449492573738098","0.5379588007926941, 0.6545342206954956","0.4272037446498871, 0.9176118969917297","0.4174228608608246, 0.9450071454048157","0.5662907958030701, 0.40051785111427307",-29.87533907859924,Leading Side
0.1334668001334668,28.341013098081817,30.369564832751973,157.36785010717497,165.113387914933,132.36547867339965,135.3206638193551,204.84459229429905,201.66161782804383,"0.4904865324497223, 0.4259728491306305","0.509924054145813, 0.44023704528808594","0.4939397871494293, 0.5500220060348511","0.5090809464454651, 0.5504721403121948","0.3923119008541107, 0.6085872054100037","0.4020439088344574, 0.6198334693908691","0.44343361258506775, 0.7567757964134216","0.44082555174827576, 0.7767354249954224","0.5314351916313171, 0.6450644731521606","0.5356766581535339, 0.6530560255050659","0.4274942874908447, 0.9177335500717163","0.4173967242240906, 0.9449886083602905","0.5688318014144897, 0.3991876244544983",-29.63471886420333,Leading Side
0.1668335001668335,28.270408479059636,30.196566198972477,157.56731118489532,165.1839080711593,132.40052961294728,135.19951494894502,204.96382344694567,201.82784349543127,"0.4909111559391022, 0.4261184334754944","0.5097302198410034, 0.4391244053840637","0.4951880872249603, 0.5488356351852417","0.5087835788726807, 0.5498635768890381","0.3935161828994751, 0.608477771282196","0.4016498029232025, 0.6191838979721069","0.44352468848228455, 0.7568780183792114","0.44068869948387146, 0.7768410444259644","0.5320913791656494, 0.645122766494751","0.5345472097396851, 0.6522892713546753","0.42763233184814453, 0.9177902340888977","0.4173639714717865, 0.9449651837348938","0.5698906183242798, 0.39802616834640503",-29.55131210893921,Leading Side
0.2002002002002002,28.09086644462092,30.007792527765343,157.70130155754433,165.21956463674385,132.4317536543021,135.07124651807356,205.0587583471557,202.00759133120945,"0.4900396466255188, 0.42624059319496155","0.5096253752708435, 0.4377298355102539","0.48666468262672424, 0.5487409234046936","0.507236123085022, 0.5444141626358032","0.3923541307449341, 0.6085062623023987","0.4016323983669281, 0.619136393070221","0.44348978996276855, 0.7570185661315918","0.4406771659851074, 0.7768594026565552","0.5300571918487549, 0.6451249122619629","0.5323222875595093, 0.6469058990478516","0.4280257821083069, 0.9178774952888489","0.417361319065094, 0.9448607563972473","0.5640736222267151, 0.39623120427131653",-29.49076739651038,Leading Side
0.2335669002335669,27.812777238875817,29.80393177624385,157.77664201037814,165.2236586037826,132.45927071392526,134.93971006284372,205.13106417301765,202.1986372194208,"0.49008530378341675, 0.4257522523403168","0.5095523595809937, 0.43717870116233826","0.48497843742370605, 0.5434845089912415","0.5070070028305054, 0.5438998937606812","0.39251118898391724, 0.608538031578064","0.4016292095184326, 0.619109034538269","0.44375401735305786, 0.7570661306381226","0.44088155031204224, 0.7769210934638977","0.5293039083480835, 0.6440799832344055","0.5318083763122559, 0.6469367146492004","0.42830976843833923, 0.9179655313491821","0.4173782467842102, 0.9448710680007935","0.5684152841567993, 0.3946612775325775",-29.398843013428788,Leading Side
0.2669336002669336,27.44653110593447,29.58567190152124,157.80015332865287,165.19949096437145,132.4832007082778,134.80875711935855,205.18240810261992,202.39875704410773,"0.4905036389827728, 0.4257205128669739","0.5088886022567749, 0.43710240721702576","0.4880838990211487, 0.5444713830947876","0.5065230131149292, 0.5445004105567932","0.3926220238208771, 0.6085956692695618","0.40073293447494507, 0.6191099286079407","0.4443168640136719, 0.7570675611495972","0.44130533933639526, 0.7768203616142273","0.5295131206512451, 0.6441899538040161","0.5315763354301453, 0.647286593914032","0.4283803105354309, 0.9181942939758301","0.41730761528015137, 0.9450985789299011","0.5736281275749207, 0.3946757912635803",-29.451992598072472,Leading Side
0.3003003003003003,27.00251828990702,29.353700860710763,157.77865629762465,165.15036271060626,132.50366355382087,134.68223922372115,205.21445731405095,202.6057266893127,"0.49054136872291565, 0.4257054924964905","0.5085567235946655, 0.43711796402931213","0.4882545471191406, 0.5451048612594604","0.5062884092330933, 0.5448089838027954","0.39265313744544983, 0.6087475419044495","0.40043336153030396, 0.6191126704216003","0.4444848597049713, 0.75697261095047","0.44154423475265503, 0.7765061259269714","0.5292201638221741, 0.6443737149238586","0.5313483476638794, 0.6474353075027466","0.4283822476863861, 0.9183021783828735","0.41723841428756714, 0.9451916813850403","0.5760427713394165, 0.39497825503349304",-29.438579071608434,Leading Side
0.333667000333667,26.49112903490361,29.108706610925687,157.71897170254962,165.07957483458293,132.52077916701552,134.5640079120345,205.2288789853993,202.817322039078,"0.49003830552101135, 0.425687313079834","0.5076437592506409, 0.4380752146244049","0.48944440484046936, 0.5472383499145508","0.5051454901695251, 0.5450703501701355","0.3928529620170593, 0.6095811724662781","0.3998506963253021, 0.6195668578147888","0.4448685646057129, 0.7573426961898804","0.44154009222984314, 0.7766621112823486","0.5291104912757874, 0.6433134078979492","0.5286000370979309, 0.6477120518684387","0.42850860953330994, 0.9186446070671082","0.41720762848854065, 0.9453870058059692","0.5723022818565369, 0.39713671803474426",-29.29208393327003,Leading Side
0.3670337003670337,25.922753585034386,28.85137710927926,157.6279203286839,164.99042832839731,132.53466746432284,134.45791472040165,205.22734029475328,203.03131897744603,"0.4898739457130432, 0.42547550797462463","0.5067553520202637, 0.4383203089237213","0.4894483685493469, 0.5458253026008606","0.5042682886123657, 0.5453356504440308","0.3929639756679535, 0.6096419095993042","0.3994767367839813, 0.619681179523468","0.44524383544921875, 0.7574058771133423","0.44160956144332886, 0.7766648530960083","0.5291117429733276, 0.6432502865791321","0.5274328589439392, 0.6479094624519348","0.428598552942276, 0.9189327359199524","0.4171423017978668, 0.9453940391540527","0.5717818737030029, 0.39741021394729614",-29.188329012212606,Leading Side
0.4004004004004004,25.30778218440948,28.582400312884733,157.51232296128364,164.8862241841453,132.54544836220396,134.36781118492564,205.21150842020143,203.24549338845927,"0.4923627972602844, 0.4254551827907562","0.5037817358970642, 0.4409545361995697","0.489241361618042, 0.5448237657546997","0.5034527778625488, 0.5454288721084595","0.3937298357486725, 0.6097062230110168","0.39861661195755005, 0.6198862791061401","0.4453248083591461, 0.7575279474258423","0.44167956709861755, 0.7766743898391724","0.5287063717842102, 0.6424589157104492","0.5270905494689941, 0.6480050683021545","0.42864400148391724, 0.9190748929977417","0.4171155095100403, 0.9455040097236633","0.57354736328125, 0.39710575342178345",-29.298729764519937,Leading Side
0.4337671004337671,24.656605077139044,28.30246417885537,157.37900038560497,164.77026339392282,132.55324177711995,134.29754884170956,205.18305053983215,203.4576211561601,"0.49295639991760254, 0.4251953661441803","0.5039580464363098, 0.4390546381473541","0.48815590143203735, 0.5450890064239502","0.5025745630264282, 0.5435923933982849","0.39386600255966187, 0.6097753643989563","0.39818432927131653, 0.6198824644088745","0.44540053606033325, 0.7574055194854736","0.44192948937416077, 0.7765159010887146","0.5255457758903503, 0.6424952745437622","0.5255420804023743, 0.6449565291404724","0.42893218994140625, 0.9188244938850403","0.41748905181884766, 0.946015477180481","0.5735747218132019, 0.39202791452407837",-29.2769571437543,Leading Side
0.4671338004671338,23.97961250733321,28.012256664304417,157.23477338690398,164.6458469498257,132.5581676255319,134.25097922685643,205.143633831734,203.6654781645909,"0.49301743507385254, 0.4247256815433502","0.5040897130966187, 0.43784093856811523","0.48730748891830444, 0.5455161333084106","0.5020300149917603, 0.5425548553466797","0.3939884305000305, 0.6098576784133911","0.3979681134223938, 0.619888424873352","0.4454576373100281, 0.757310152053833","0.44203662872314453, 0.7764294743537903","0.5239244103431702, 0.642525315284729","0.5247476100921631, 0.6436182856559753","0.42906731367111206, 0.9187079668045044","0.4177071452140808, 0.9463022947311401","0.5736284255981445, 0.3902062773704529",-29.1929755554879,Leading Side
0.5005005005005005,23.28719471910214,27.712465726345137,157.08646275043682,164.51627584394987,132.56034582390092,134.23195387646928,205.09492547399532,203.86684029779408,"0.49429798126220703, 0.42475199699401855","0.5041886568069458, 0.4379928708076477","0.48513275384902954, 0.5456541180610657","0.5006461143493652, 0.5429779887199402","0.39521580934524536, 0.6106913089752197","0.39883506298065186, 0.6213799715042114","0.44568032026290894, 0.7573042511940002","0.4420703053474426, 0.7767120003700256","0.5103050470352173, 0.6439977884292603","0.5233441591262817, 0.6444135904312134","0.4292789399623871, 0.9186958074569702","0.41793274879455566, 0.9467021226882935","0.5738851428031921, 0.39055317640304565",-28.966142547503022,Leading Side
0.5338672005338673,22.58974195655595,27.403779322090777,156.94088926145963,164.3848510683912,132.5598962886881,134.24432432665117,205.03859264470464,204.05948343981208,"0.4950598180294037, 0.4247550964355469","0.5042619109153748, 0.4381479322910309","0.48106497526168823, 0.5452935099601746","0.49997472763061523, 0.5432171821594238","0.39559292793273926, 0.6108776330947876","0.39930135011672974, 0.6218929886817932","0.44586414098739624, 0.7572799921035767","0.44216424226760864, 0.7768716216087341","0.5047957301139832, 0.6449440121650696","0.5227334499359131, 0.6450666189193726","0.42950335144996643, 0.9186142086982727","0.4182251989841461, 0.9468361735343933","0.574164628982544, 0.3908030390739441",-28.929622517054995,Leading Side
0.5672339005672339,21.897644463804998,27.08688540865484,156.8048737052298,164.25487361524685,132.55693893635555,134.29194211350617,204.976302521952,204.24118347468905,"0.49822062253952026, 0.4248631000518799","0.5037106275558472, 0.4350337088108063","0.47981467843055725, 0.5453161001205444","0.4973601698875427, 0.5425792336463928","0.39582785964012146, 0.6108802556991577","0.3978653848171234, 0.6213549375534058","0.4465932250022888, 0.7578043341636658","0.44220679998397827, 0.7772315144538879","0.5056812167167664, 0.646877646446228","0.5216793417930603, 0.6466768980026245","0.42957815527915955, 0.9185595512390137","0.418695867061615, 0.9474051594734192","0.5798229575157166, 0.38783979415893555",-29.217012951189194,Leading Side
0.6006006006006006,21.36972289588061,26.8585637833714,156.92614063811337,164.34193292332145,132.61642432680412,134.41945717607896,204.85616391164464,204.3881184782473,"0.49912548065185547, 0.4248630106449127","0.5033868551254272, 0.43333959579467773","0.47962984442710876, 0.5453491806983948","0.4961682856082916, 0.5420752763748169","0.3958740830421448, 0.6108779907226562","0.3971239924430847, 0.620991587638855","0.4470425248146057, 0.7580944299697876","0.44224587082862854, 0.7775648236274719","0.5073946118354797, 0.646947979927063","0.5210597515106201, 0.647538959980011","0.42966246604919434, 0.9185309410095215","0.41903001070022583, 0.9478532075881958","0.581211507320404, 0.38640299439430237",-29.279254791153797,Leading Side
0.6339673006339673,20.982636053384056,26.62186953711283,157.11675183218455,164.3691683528109,132.6427656904449,134.5948949071863,204.8002592344512,204.5123375513684,"0.4996872842311859, 0.42447298765182495","0.5032684206962585, 0.431602418422699","0.4741355776786804, 0.5492641925811768","0.49389711022377014, 0.542217493057251","0.39589470624923706, 0.6097816228866577","0.39734163880348206, 0.6203065514564514","0.44689130783081055, 0.7591199278831482","0.44315090775489807, 0.77776038646698","0.48903870582580566, 0.6510170698165894","0.5194319486618042, 0.6484256386756897","0.42941346764564514, 0.9186976552009583","0.41911786794662476, 0.9491448402404785","0.5812076330184937, 0.3869395852088928",-29.28056157744415,Leading Side
0.6673340006673341,20.698867907899466,26.488441079425503,156.93407246105025,164.99522726998111,132.53552527929395,134.89126934028292,204.75810186270644,204.57716656516885,"0.500195324420929, 0.42420071363449097","0.5030861496925354, 0.4306461811065674","0.47346243262290955, 0.5514246225357056","0.4928271174430847, 0.542335569858551","0.3958560824394226, 0.6064428687095642","0.3973628580570221, 0.6197226643562317","0.44682902097702026, 0.7596723437309265","0.4436992108821869, 0.7778366804122925","0.48803824186325073, 0.6511656045913696","0.5187185406684875, 0.6491084098815918","0.4292011857032776, 0.9187698364257812","0.4192003607749939, 0.9497432708740234","0.5813870429992676, 0.3871787190437317",-29.497727183536547,Leading Side
0.7007007007007008,20.41483775092637,26.21350320567305,156.72067263764467,165.52967685424312,132.3836361694495,135.2933986447439,204.736293753099,204.60510344160548,"0.5009435415267944, 0.4245424270629883","0.4984818398952484, 0.431327760219574","0.4744090139865875, 0.5523817539215088","0.4899921417236328, 0.5479339361190796","0.39759552478790283, 0.6065930128097534","0.3969709873199463, 0.6194810271263123","0.4468225836753845, 0.7597978711128235","0.4438416361808777, 0.7778487801551819","0.49329477548599243, 0.6546090841293335","0.517966091632843, 0.6535836458206177","0.42895427346229553, 0.9190980195999146","0.41924867033958435, 0.9497362971305847","0.5813143253326416, 0.39385634660720825",-28.958726836691522,Leading Side
0.7340674007340674,20.296560939909703,25.897979325218465,156.81023836621551,165.42195471742423,132.29173956370067,135.7579897488395,204.6729726927908,204.61097146086004,"0.5017200112342834, 0.4251660704612732","0.49637922644615173, 0.4319973587989807","0.47478532791137695, 0.5531377196311951","0.48867473006248474, 0.5507131814956665","0.3990282416343689, 0.6066936254501343","0.396301805973053, 0.6193549633026123","0.44686341285705566, 0.7597898244857788","0.4439007341861725, 0.7778801918029785","0.4955592751502991, 0.6557732224464417","0.5177332758903503, 0.6555005311965942","0.42885732650756836, 0.9192104339599609","0.4193137288093567, 0.9497829675674438","0.5811835527420044, 0.3966369032859802",-28.79676252252295,Leading Side
0.7674341007674341,20.20111016921963,25.517516846336854,157.00657408352032,165.1432322108704,132.24731666596594,136.2700681721384,204.592531244744,204.59899467203152,"0.5111808180809021, 0.43262600898742676","0.49293965101242065, 0.43034476041793823","0.48464831709861755, 0.5533731579780579","0.4865824282169342, 0.5507984161376953","0.4071035385131836, 0.6098427772521973","0.3945237994194031, 0.6192570328712463","0.4543192982673645, 0.7595484852790833","0.4438338875770569, 0.7815350890159607","0.5106961727142334, 0.6529238224029541","0.5148818492889404, 0.654396116733551","0.42888450622558594, 0.9192105531692505","0.41944485902786255, 0.9506571888923645","0.5831157565116882, 0.3973960876464844",-28.945442554422943,Leading Side
0.8008008008008008,19.78329003699008,25.06440250777028,156.58359502588388,164.81937852867995,132.2833889099456,136.85701373554997,204.4620155902552,204.5461472193004,"0.5141457915306091, 0.435269832611084","0.4908570349216461, 0.4290735721588135","0.4886253774166107, 0.5537131428718567","0.48558568954467773, 0.5506454706192017","0.41040879487991333, 0.6114550232887268","0.39342164993286133, 0.6191304922103882","0.4567736089229584, 0.7593082785606384","0.4437967836856842, 0.7830284833908081","0.5161617994308472, 0.6511756181716919","0.5133377313613892, 0.6534547805786133","0.4289149343967438, 0.919211208820343","0.4195355772972107, 0.9512300491333008","0.5835124254226685, 0.39787179231643677",-28.779462312107864,Leading Side
0.8341675008341676,19.33792815029935,24.537304751237137,156.45453982602098,164.39632268092242,132.3569861780026,137.4928557806613,204.3282143414365,204.47317897386736,"0.5158571600914001, 0.4369901716709137","0.4906601905822754, 0.42722171545028687","0.4906417727470398, 0.5539095997810364","0.48629456758499146, 0.5488434433937073","0.4092588424682617, 0.6126140356063843","0.3935460150241852, 0.6196123361587524","0.4553702771663666, 0.7602382898330688","0.4440140128135681, 0.7829812169075012","0.5152484178543091, 0.6510204076766968","0.5124102234840393, 0.6533721685409546","0.42882776260375977, 0.9197201728820801","0.41959148645401, 0.9511182904243469","0.5809180736541748, 0.40042510628700256",-28.966491475320936,Leading Side
0.8675342008675342,18.83264230559571,23.96431525796789,155.47781550089155,164.0187076737284,132.4096126899176,138.10432837413265,204.22567397951732,204.41849922285252,"0.5168845653533936, 0.4379813075065613","0.4903561472892761, 0.42648211121559143","0.4918694496154785, 0.5541435480117798","0.4867444932460785, 0.5484832525253296","0.40825390815734863, 0.6133645176887512","0.3936600983142853, 0.6200330257415771","0.45465826988220215, 0.7606990337371826","0.4441816806793213, 0.7829705476760864","0.5145460963249207, 0.6508727073669434","0.5120648145675659, 0.653289258480072","0.4287596642971039, 0.9200165867805481","0.41960233449935913, 0.9510499835014343","0.5796932578086853, 0.4015475809574127",-29.09770050034498,Leading Side
0.9009009009009008,18.27539333176041,23.336077601352155,154.70707259863548,163.5285937825544,132.44869796217043,138.69449648321992,204.1766393465352,204.3820014695136,"0.5266432166099548, 0.4498809278011322","0.4813288152217865, 0.42586666345596313","0.5035885572433472, 0.5541897416114807","0.4851500988006592, 0.5452030897140503","0.417515367269516, 0.6145163178443909","0.39263343811035156, 0.6178514957427979","0.4542941153049469, 0.7614114284515381","0.44333165884017944, 0.783211886882782","0.5146081447601318, 0.647162139415741","0.5086190700531006, 0.6510440707206726","0.4285946488380432, 0.9199479222297668","0.41960230469703674, 0.9506271481513977","0.5656652450561523, 0.40275469422340393",-29.017867846922726,Leading Side
0.9342676009342676,17.985884629043134,22.7851985018703,154.50627112909362,164.33497505412657,132.39581573524484,139.345770913213,204.1488956815716,204.3792533201191,"0.5299028158187866, 0.45419803261756897","0.4782596230506897, 0.4257080554962158","0.5065956711769104, 0.554327130317688","0.48461928963661194, 0.5440183877944946","0.4204288423061371, 0.6154523491859436","0.39163821935653687, 0.616467297077179","0.45402073860168457, 0.7618264555931091","0.44256311655044556, 0.7833504676818848","0.5146411657333374, 0.6458977460861206","0.5076242685317993, 0.6503183841705322","0.42848825454711914, 0.9198587536811829","0.4196012020111084, 0.9504436254501343","0.5613917112350464, 0.40390849113464355",-29.120766502595515,Leading Side
0.9676343009676344,17.595317464383356,22.138613843186064,154.89219908508463,165.11230940964884,132.33739665184223,139.96843592170364,204.18217398405875,204.40192004554424,"0.5304051637649536, 0.45654264092445374","0.4779651165008545, 0.4187397062778473","0.5033427476882935, 0.5549481511116028","0.4760575294494629, 0.528954029083252","0.42413100600242615, 0.6160862445831299","0.39175182580947876, 0.6140144467353821","0.4549405574798584, 0.7618357539176941","0.4425721764564514, 0.781200647354126","0.5121768712997437, 0.6437345743179321","0.5045109987258911, 0.6409264206886292","0.4283660352230072, 0.9189389944076538","0.41962093114852905, 0.9488541483879089","0.5637561678886414, 0.4036885201931",-28.479643597099102,Leading Side
1.001001001001001,16.95595823741864,20.82090946520274,154.5702088870993,165.36740705789757,132.20656661616118,140.5180929744933,204.25896270298355,204.44632329439185,"0.5310605764389038, 0.4577396512031555","0.47775131464004517, 0.41577738523483276","0.5015578269958496, 0.5570756793022156","0.47300106287002563, 0.5243667960166931","0.4258792996406555, 0.6167529225349426","0.3918628990650177, 0.6131453514099121","0.45564699172973633, 0.7619634866714478","0.442510187625885, 0.7802509069442749","0.511438250541687, 0.6424857974052429","0.5032835602760315, 0.6376669406890869","0.4283427298069, 0.9184624552726746","0.41963285207748413, 0.9482253193855286","0.5645438432693481, 0.40326157212257385",-28.19747124808437,Leading Side
1.0343677010343677,16.236799376914206,19.651967619167586,160.3766486247276,164.99974508179653,132.12032608147163,141.0062154276407,204.4100916267917,204.50370644017903,"0.5351954102516174, 0.45995721220970154","0.4741591811180115, 0.4141489863395691","0.5054923295974731, 0.5569443702697754","0.4724229872226715, 0.5273793935775757","0.4269699454307556, 0.6172968149185181","0.39189499616622925, 0.6132885217666626","0.45822447538375854, 0.7631120681762695","0.44251593947410583, 0.7801873683929443","0.5119830369949341, 0.6424824595451355","0.5029726028442383, 0.6383971571922302","0.4288502335548401, 0.9182102084159851","0.41961127519607544, 0.9481525421142578","0.5695032477378845, 0.4073881506919861",-28.11844661222007,Leading Side
1.0677344010677343,15.450188410956772,18.737390969762664,166.0527766493107,163.99027934502294,132.11397592014217,141.41312082117383,204.6050830384491,204.58174190537497,"0.5361791849136353, 0.46018046140670776","0.47291406989097595, 0.41353973746299744","0.5065086483955383, 0.5568819046020508","0.4728427827358246, 0.5287939310073853","0.42695721983909607, 0.6175342798233032","0.39195042848587036, 0.6133714914321899","0.4590032696723938, 0.7635936141014099","0.44254621863365173, 0.7801685333251953","0.5122514367103577, 0.641818106174469","0.502865195274353, 0.638441801071167","0.4293023943901062, 0.9179957509040833","0.41963428258895874, 0.9481745958328247","0.5697700381278992, 0.4094424843788147",-28.033337753843618,Leading Side
1.1011011011011012,14.757913695041562,17.972960513518768,170.87342657631928,162.4478317559212,132.1724203421035,141.76570430843418,204.85538652014355,204.66441493571853,"0.5270065069198608, 0.4521731734275818","0.4739358425140381, 0.41405025124549866","0.5034478306770325, 0.5520261526107788","0.4738389551639557, 0.5256233215332031","0.4175405502319336, 0.6174761652946472","0.3970659077167511, 0.6173558235168457","0.45909133553504944, 0.76346355676651","0.44279080629348755, 0.780198872089386","0.5083853006362915, 0.6285504698753357","0.5025328397750854, 0.6238903999328613","0.42941489815711975, 0.9179627299308777","0.41994529962539673, 0.9479911923408508","0.5678653120994568, 0.40854859352111816",-26.817125268423954,Leading Side
1.1344678011344678,13.433320755840755,16.79721824010808,171.6850892085134,160.11902569273386,132.24591539583383,142.20338623976315,205.12377339674924,204.7507630735909,"0.5259985327720642, 0.4495483338832855","0.47436684370040894, 0.41393542289733887","0.5028799772262573, 0.5509718656539917","0.474527508020401, 0.524096667766571","0.4168638288974762, 0.6173948049545288","0.3986101448535919, 0.6185200214385986","0.45931974053382874, 0.7633411288261414","0.44294410943984985, 0.78021240234375","0.5073908567428589, 0.6252093315124512","0.5022624135017395, 0.6205836534500122","0.4295071065425873, 0.9178621172904968","0.42018923163414, 0.9478229284286499","0.5681239366531372, 0.40814003348350525",-26.40185314365288,Leading Side
1.1678345011678346,11.922929908735082,15.86974455703484,173.50953131899973,157.36140167082775,132.3394776951706,142.5526721988608,205.45968521486597,204.8579873516403,"0.5346259474754333, 0.4589998126029968","0.4725554883480072, 0.4049515128135681","0.5026240944862366, 0.5519079566001892","0.4688332974910736, 0.5061447024345398","0.4243462085723877, 0.6179203987121582","0.39833033084869385, 0.6177791357040405","0.4609830379486084, 0.7636781930923462","0.44295772910118103, 0.7804009318351746","0.5075098872184753, 0.6441320180892944","0.49912285804748535, 0.602411150932312","0.42951473593711853, 0.9162133932113647","0.4201980233192444, 0.9478214979171753","0.5716959238052368, 0.40992385149002075",-26.395978964920083,Leading Side
1.2012012012012012,11.979723884388774,15.074257081520898,176.05511657616506,154.49981684237255,132.48717522056043,142.684400248446,205.92158593422624,204.97225448860556,"0.5390608906745911, 0.4657110571861267","0.47101831436157227, 0.4036293923854828","0.5022344589233398, 0.5525107979774475","0.46712589263916016, 0.4997294843196869","0.4270473122596741, 0.6187041997909546","0.39805659651756287, 0.6177686452865601","0.46147894859313965, 0.7639666795730591","0.44294291734695435, 0.7807220816612244","0.5057159066200256, 0.64228355884552","0.4968947470188141, 0.5972355604171753","0.42952290177345276, 0.9155953526496887","0.42019906640052795, 0.9478853940963745","0.5715934038162231, 0.4138687252998352",-26.740707451176725,Leading Side
1.234567901234568,11.571480881199696,14.509556773829702,178.52219738885992,151.4212741769659,132.6608297910389,142.65677605689484,206.4749141666061,205.112059883548,"0.5372728109359741, 0.4641253352165222","0.4670616686344147, 0.4097078740596771","0.5023303031921387, 0.5455398559570312","0.45531120896339417, 0.511000394821167","0.43095698952674866, 0.619276762008667","0.39495348930358887, 0.619975209236145","0.4639946520328522, 0.7642794847488403","0.4428512454032898, 0.7808383703231812","0.4936371445655823, 0.6057870984077454","0.4943302273750305, 0.5784540176391602","0.4294883608818054, 0.9145333170890808","0.42011910676956177, 0.94816654920578","0.5672670006752014, 0.4231037497520447",-26.024993287542824,Leading Side
1.267934601267935,11.176684603643336,13.687483608447192,180.14238576877744,150.9991704221881,132.82279551972383,142.5046835515036,207.091455364457,205.28959009178772,"0.5362679958343506, 0.4627765715122223","0.4652182161808014, 0.4146883487701416","0.5028156042098999, 0.5426138639450073","0.4544444978237152, 0.5204276442527771","0.432481586933136, 0.6197587251663208","0.3929656147956848, 0.6214608550071716","0.46498212218284607, 0.7644081711769104","0.44275298714637756, 0.7809082865715027","0.49099430441856384, 0.6001780033111572","0.4935401380062103, 0.5759416222572327","0.4294431805610657, 0.9138245582580566","0.42008018493652344, 0.9483838081359863","0.5650500655174255, 0.4262374937534332",-25.824653691225073,Leading Side
1.3013013013013013,10.949342220877602,12.897508100812782,180.640078452688,149.3114683744152,133.00219444866894,142.27012234815584,207.7476950134704,205.49345414923727,"0.5395840406417847, 0.46194514632225037","0.46573466062545776, 0.4108341336250305","0.5026262402534485, 0.5346165299415588","0.455343633890152, 0.49708443880081177","0.43465691804885864, 0.6209114789962769","0.39211198687553406, 0.6213507652282715","0.46671682596206665, 0.7648224234580994","0.4428362250328064, 0.7806304097175598","0.48856911063194275, 0.5903095006942749","0.4889177680015564, 0.5754238367080688","0.42942938208580017, 0.9138466715812683","0.4200798571109772, 0.9491556286811829","0.5653837323188782, 0.42351478338241577",-25.791798106562908,Leading Side
1.334668001334668,1.5740640589830133,12.631749323125243,175.65454277995528,146.20724032271866,133.2187791216968,142.0610667724128,208.3810818845408,205.72044317467345,"0.5413728356361389, 0.4615589678287506","0.46592164039611816, 0.40919047594070435","0.5024876594543457, 0.5327404737472534","0.45538026094436646, 0.49272021651268005","0.43579310178756714, 0.6216902732849121","0.3914991021156311, 0.6212734580039978","0.46771305799484253, 0.7651597261428833","0.4428830146789551, 0.7804779410362244","0.4851036071777344, 0.5871604084968567","0.4871443808078766, 0.5749700665473938","0.4293762147426605, 0.9139564633369446","0.4200716018676758, 0.9494293928146362","0.5655797719955444, 0.4221035838127136",-25.808341159189478,Leading Side
1.3680347013680347,-4.523497511328354,13.067577259274485,170.7838271676943,139.74344931092884,133.25374928571526,141.875312025725,209.0442973894467,205.99791231164775,"0.5447479486465454, 0.4627355933189392","0.4644009470939636, 0.40833336114883423","0.5083204507827759, 0.5343384146690369","0.4534929394721985, 0.4824264645576477","0.4356784224510193, 0.6224683523178101","0.3890412747859955, 0.6216024160385132","0.47031331062316895, 0.7651892900466919","0.4428812861442566, 0.7803338766098022","0.48159152269363403, 0.5848749876022339","0.4870288372039795, 0.5668667554855347","0.4292282164096832, 0.9140688180923462","0.4200008511543274, 0.9497846364974976","0.5666717886924744, 0.4304937720298767",-26.30990247199642,Leading Side
1.4014014014014016,-8.746533257673796,5.459068575804631,166.67096498223566,134.698232931152,133.5168376641199,141.3737899885014,209.96560549708093,206.2224519304272,"0.545930027961731, 0.463215172290802","0.4638545513153076, 0.4065847396850586","0.5075828433036804, 0.5317102670669556","0.4528799057006836, 0.4770830571651459","0.435494989156723, 0.6230069994926453","0.3869543671607971, 0.6215597987174988","0.47175803780555725, 0.7652642130851746","0.44288739562034607, 0.7802976369857788","0.48085370659828186, 0.5841256380081177","0.4866335391998291, 0.564400315284729","0.42910438776016235, 0.9140931963920593","0.4199947714805603, 0.9502571225166321","0.5675925016403198, 0.43251579999923706",-26.55915320943685,Leading Side
1.4347681014347682,-10.635174151989183,0.7016737215730453,163.53706429485902,130.7152651671894,133.66328697057486,140.77553828306472,210.98531609212617,206.44844099403775,"0.545134425163269, 0.4628744125366211","0.4643012583255768, 0.4042486250400543","0.5098819732666016, 0.5311542749404907","0.4534469246864319, 0.4723261296749115","0.43543505668640137, 0.6242647767066956","0.3872374892234802, 0.6216303110122681","0.4729185104370117, 0.7661131620407104","0.44371041655540466, 0.780314028263092","0.4800301194190979, 0.5519951581954956","0.4871231019496918, 0.5455883145332336","0.4290313124656677, 0.9143667221069336","0.4199959635734558, 0.9509273767471313","0.5681782364845276, 0.43100494146347046",-26.24676739915098,Leading Side
1.4681348014681348,-9.795783368540825,-1.760728648832086,160.53748668390193,125.2962866346969,133.63357663612675,140.13737726600286,212.0556979617312,206.70545279734856,"0.5445528626441956, 0.462852418422699","0.46445703506469727, 0.4030161499977112","0.5108165144920349, 0.5310554504394531","0.45378366112709045, 0.4710494577884674","0.4350815415382385, 0.6248198747634888","0.3874385952949524, 0.6216071844100952","0.47328394651412964, 0.7669285535812378","0.4442357122898102, 0.7803223133087158","0.48030033707618713, 0.5470316410064697","0.48724478483200073, 0.5424131155014038","0.42895397543907166, 0.9147217869758606","0.41999784111976624, 0.9513543844223022","0.569007396697998, 0.42990976572036743",-26.106808682008122,Leading Side
1.5015015015015016,-6.504362817426818,6.878072584028641,157.9962412141916,120.0183052280858,133.5806751732722,139.54685116136173,212.9811363211045,206.9628326700904,"0.5366678237915039, 0.4491453766822815","0.4737129807472229, 0.4095962643623352","0.502949595451355, 0.5034644603729248","0.4530196189880371, 0.4876518249511719","0.43276628851890564, 0.6250037550926208","0.3880447447299957, 0.6223419904708862","0.4740251898765564, 0.7667329907417297","0.4442484378814697, 0.7803843021392822","0.4601818919181824, 0.520038902759552","0.5045321583747864, 0.5220044851303101","0.4290255010128021, 0.913861870765686","0.4200313985347748, 0.9523517489433289","0.5701856017112732, 0.4279492497444153",-26.004154940259607,Leading Side
1.5348682015348682,-1.030188394450592,7.126843023579694,155.7633759687399,115.38502055418664,133.48808923678513,138.9416070089934,213.8402339409652,207.22040498423792,"0.5323734879493713, 0.4453946053981781","0.4761539399623871, 0.4124687612056732","0.49954861402511597, 0.4982514977455139","0.45343881845474243, 0.4971321225166321","0.4313727915287018, 0.6251083016395569","0.3882589340209961, 0.6229116320610046","0.47434201836586, 0.7665160894393921","0.44424647092819214, 0.7804049253463745","0.456331729888916, 0.5155676007270813","0.5103854537010193, 0.5187404155731201","0.4290425181388855, 0.9134693145751953","0.42003488540649414, 0.9529581069946289","0.5706666707992554, 0.42702141404151917",-25.834111512163005,Leading Side
1.5682349015682349,6.282303358100785,9.73575091977195,153.63192560547577,110.65480439894384,133.40459386012705,138.33386343171892,214.63319206954404,207.4851229094213,"0.5199242234230042, 0.43885964155197144","0.4760453701019287, 0.41232824325561523","0.5006280541419983, 0.49619293212890625","0.4808768630027771, 0.49696359038352966","0.42871347069740295, 0.6252657175064087","0.3883197605609894, 0.6243022680282593","0.47401100397109985, 0.7658969759941101","0.44441190361976624, 0.7804073691368103","0.4579037129878998, 0.49920517206192017","0.5398626923561096, 0.49773168563842773","0.4289705753326416, 0.9126718640327454","0.4200417399406433, 0.9529479146003723","0.5700637102127075, 0.4271166920661926",-24.18770383723355,Leading Side
1.6016016016016017,15.402518785937849,14.76381685174096,151.44721200398672,105.97491469550722,133.3461760721025,137.7203200033808,215.29669013910777,207.75016972842084,"0.5188723802566528, 0.43952780961990356","0.47566547989845276, 0.4122644364833832","0.5015336871147156, 0.4995908737182617","0.48075956106185913, 0.4982014298439026","0.42832469940185547, 0.6259058713912964","0.38752859830856323, 0.625013530254364","0.4739813208580017, 0.7656845450401306","0.44446930289268494, 0.7803851366043091","0.45823898911476135, 0.49798184633255005","0.5425207018852234, 0.4992755949497223","0.42893290519714355, 0.9119449853897095","0.42011404037475586, 0.952989935874939","0.5679703950881958, 0.42968612909317017",-24.11750457373431,Leading Side
1.6349683016349683,26.06067872760149,21.939081488648554,149.5996411913347,101.27200853411384,133.20617659782562,137.13545211645683,215.93080890450145,208.022384469312,"0.5207067131996155, 0.43999871611595154","0.47542819380760193, 0.4100659489631653","0.5062782764434814, 0.500464141368866","0.47684603929519653, 0.4882194995880127","0.4283408224582672, 0.6262499690055847","0.3871510624885559, 0.6246368885040283","0.4753503203392029, 0.766315221786499","0.44453859329223633, 0.7803988456726074","0.4635748267173767, 0.48420006036758423","0.5451544523239136, 0.4950808882713318","0.4288318157196045, 0.9120100140571594","0.4201217591762543, 0.9535155296325684","0.576287567615509, 0.42928585410118103",-24.26019377961961,Leading Side
1.6683350016683351,38.09845140649704,30.94806864859377,148.0183847461767,96.99185010821569,132.94119060657562,136.55906669089123,216.56822300195415,208.29908004702853,"0.5221924185752869, 0.4405389726161957","0.4752086102962494, 0.4082067906856537","0.505935549736023, 0.4993462562561035","0.47474727034568787, 0.4841218590736389","0.4285981059074402, 0.6267811059951782","0.3867644667625427, 0.6243968605995178","0.4761834144592285, 0.7668595910072327","0.4445815980434418, 0.7804234623908997","0.4666268825531006, 0.48178830742836","0.5462156534194946, 0.49410462379455566","0.42877835035324097, 0.9120580554008484","0.420145183801651, 0.9539427757263184","0.5798444747924805, 0.4284924864768982",-24.339410809538027,Leading Side
1.7017017017017018,51.55588678993347,41.55953234084562,146.79649375785635,92.83901651392344,132.48207986565106,136.1119218012016,217.33387838232247,208.5164227157101,"0.5129276514053345, 0.441690057516098","0.4810270667076111, 0.4403110444545746","0.4913206696510315, 0.4582382142543793","0.4879317879676819, 0.4819464087486267","0.4262472987174988, 0.6274169683456421","0.3882226347923279, 0.6289758682250977","0.47727498412132263, 0.7663183808326721","0.4446040987968445, 0.7804518938064575","0.47486239671707153, 0.48408085107803345","0.5407533049583435, 0.4890376627445221","0.4288066327571869, 0.9120480418205261","0.420133501291275, 0.9540645480155945","0.57492995262146, 0.43567267060279846",-25.61323181033933,Leading Side
1.7350684017350684,66.01966334779134,53.83444685858016,145.96828768675908,88.71998999253229,131.9987949964289,135.75370690802717,218.04936796312256,208.69032249835269,"0.5107890367507935, 0.44244056940078735","0.48536819219589233, 0.4461933970451355","0.48445072770118713, 0.45620331168174744","0.48991385102272034, 0.4809660315513611","0.4246300756931305, 0.627923846244812","0.38918596506118774, 0.6314653158187866","0.47812825441360474, 0.7660441994667053","0.4447072148323059, 0.7804591059684753","0.47925233840942383, 0.4896131157875061","0.5375199913978577, 0.4910176694393158","0.42896199226379395, 0.9118779301643372","0.4200599789619446, 0.9541012048721313","0.5740212202072144, 0.43813619017601013",-26.188430182788576,Leading Side
1.7684351017684352,81.2187787920923,67.22205454130828,145.06910875297558,84.86265220011698,131.46714793263715,135.51047192191487,218.64628440597207,208.8244708298649,"0.5179423093795776, 0.44855302572250366","0.48035892844200134, 0.4386466443538666","0.5093309283256531, 0.46288642287254333","0.4896518588066101, 0.48205405473709106","0.4264765679836273, 0.6288093328475952","0.38920626044273376, 0.6312686800956726","0.4787256121635437, 0.7654715180397034","0.44514980912208557, 0.7802813053131104","0.4775773882865906, 0.4447266161441803","0.5370305180549622, 0.48493900895118713","0.4293392598628998, 0.9119139909744263","0.4201035499572754, 0.9544804692268372","0.5739762783050537, 0.43740445375442505",-26.093456028038975,Leading Side
1.8018018018018016,96.918261367922,81.5743517586293,144.20017580336648,81.7258222799118,130.8146270662756,135.33788870241403,219.17681571147008,208.91975817372236,"0.5234816074371338, 0.45127949118614197","0.47624701261520386, 0.43518051505088806","0.5193071961402893, 0.4657340943813324","0.48688316345214844, 0.4822988510131836","0.4277873635292053, 0.6291713118553162","0.38919466733932495, 0.6308574080467224","0.4791851043701172, 0.765321671962738","0.44540172815322876, 0.7800132036209106","0.47693389654159546, 0.43990278244018555","0.5365910530090332, 0.4829595685005188","0.4295588433742523, 0.9124093055725098","0.4201235771179199, 0.9546934366226196","0.5747054219245911, 0.4365573525428772",-26.06748110374768,Leading Side
1.8351685018351689,113.03994231418793,96.52220647971004,143.87987129927018,78.33476107154729,130.19120732295588,135.1791847835134,219.66992423327144,209.0187055525345,"0.5284831523895264, 0.4547695517539978","0.4739193022251129, 0.43392306566238403","0.5236779451370239, 0.4705851078033447","0.4428195357322693, 0.4434450566768646","0.43025174736976624, 0.6283753514289856","0.38916999101638794, 0.6271655559539795","0.4805127680301666, 0.765445351600647","0.44565629959106445, 0.7797979116439819","0.47640305757522583, 0.4353376030921936","0.47298240661621094, 0.4163805842399597","0.42968234419822693, 0.9121884107589722","0.42023617029190063, 0.9545783996582031","0.5746449828147888, 0.43673402070999146",-26.509619263699737,Leading Side
1.8685352018685355,129.53664963777592,111.61470613414495,143.78090139466926,75.20865548357698,129.57348636038083,135.0789275405691,220.0649634291143,209.0533749166816,"0.5321704745292664, 0.45634207129478455","0.4723678529262543, 0.43086251616477966","0.5257853269577026, 0.472490131855011","0.4360116422176361, 0.43612760305404663","0.43172168731689453, 0.6277995705604553","0.38911503553390503, 0.6251603364944458","0.4813319742679596, 0.765640914440155","0.44579166173934937, 0.7797163128852844","0.4747319221496582, 0.428565114736557","0.4663882255554199, 0.4130555987358093","0.42981234192848206, 0.911935031414032","0.42033782601356506, 0.9545710682868958","0.5745561718940735, 0.43659859895706177",-26.668215244865138,Leading Side
1.901901901901902,146.018859176233,135.83043317107146,143.75065184160175,73.0254628835669,128.9349884211585,135.03121508841392,220.39068146835768,209.0534482149754,"0.5298555493354797, 0.4557567536830902","0.4851047396659851, 0.4369296133518219","0.49807533621788025, 0.42346376180648804","0.4439142644405365, 0.44180718064308167","0.42898327112197876, 0.6276456713676453","0.3912762999534607, 0.6275811195373535","0.48194488883018494, 0.7656814455986023","0.4462783932685852, 0.7795957922935486","0.4415626525878906, 0.38549119234085083","0.4686860144138336, 0.41468995809555054","0.43015962839126587, 0.9119365811347961","0.42033177614212036, 0.9544528126716614","0.5747158527374268, 0.44065696001052856",-28.237823691784847,Leading Side
1.9352686019352687,162.2524451563171,157.82586857386363,143.88688629204967,70.9645698988943,128.3297365416334,135.1167531916765,220.6189568504376,208.89217298575312,"0.5005952715873718, 0.4392710328102112","0.5015777349472046, 0.4465133249759674","0.4821900725364685, 0.4172428250312805","0.4893353581428528, 0.4487326741218567","0.4171653687953949, 0.6276288032531738","0.3950064182281494, 0.6296854615211487","0.48199206590652466, 0.7656776905059814","0.4465548098087311, 0.7796038389205933","0.4381440579891205, 0.38821810483932495","0.4691430926322937, 0.41766756772994995","0.4305616021156311, 0.9116212725639343","0.42027121782302856, 0.9544240832328796","0.5772966742515564, 0.4413124918937683",-27.085303302685382,Leading Side
1.968635301968636,178.3766797523502,177.22372723047948,144.84566957732457,69.00422697408412,127.6145842858963,135.23320087899293,220.87278282972,208.75358417433483,"0.5444985628128052, 0.4616757929325104","0.47456997632980347, 0.426729679107666","0.5143648386001587, 0.4346356987953186","0.418433278799057, 0.4081219732761383","0.4302334785461426, 0.6288860440254211","0.3882496953010559, 0.6254978775978088","0.48422107100486755, 0.7661029696464539","0.44640636444091797, 0.7794829607009888","0.44703587889671326, 0.3894001245498657","0.43485331535339355, 0.37696701288223267","0.43056774139404297, 0.9116015434265137","0.42027363181114197, 0.9544188380241394","0.5718451738357544, 0.4407949447631836",-28.72625379331624,Leading Side
2.002002002002002,193.82984495442577,194.8225962769176,146.30070508585007,67.71636779316383,126.83735119437809,135.5287591071399,221.06325136324452,208.5911618963954,"0.553918719291687, 0.46898937225341797","0.46579718589782715, 0.4214523434638977","0.5169059038162231, 0.4427335262298584","0.4035740792751312, 0.4047256410121918","0.43528375029563904, 0.6302670240402222","0.3850042223930359, 0.6235504150390625","0.4849576950073242, 0.766542375087738","0.44623297452926636, 0.7794004678726196","0.4473569989204407, 0.37861737608909607","0.4370717406272888, 0.38119587302207947","0.43058791756629944, 0.9117013812065125","0.420295774936676, 0.9548462629318237","0.5680320262908936, 0.44034910202026367",-28.758869004167124,Leading Side
2.035368702035369,207.96326713163307,211.11677700840508,150.20786982683168,70.27176429361067,125.81174614581064,135.68895307236787,221.7185283480333,208.46417490609247,"0.5518001914024353, 0.4689517617225647","0.46520790457725525, 0.42180174589157104","0.5163437128067017, 0.4405648112297058","0.41703659296035767, 0.4194696843624115","0.43595513701438904, 0.6307181715965271","0.38402703404426575, 0.6229041218757629","0.485147625207901, 0.7666693329811096","0.4459846019744873, 0.7793111801147461","0.44583773612976074, 0.3721316158771515","0.4262363314628601, 0.3826080560684204","0.43058085441589355, 0.912259578704834","0.42029720544815063, 0.9559499025344849","0.5632201433181763, 0.4385737478733063",-28.500518199989262,Leading Side
2.0687354020687354,230.7634171603316,224.2687964758769,155.80669069995793,72.47145213192827,124.75355137943951,135.83696955945908,222.32313883282,208.4189017075591,"0.5504370927810669, 0.46922555565834045","0.4649428725242615, 0.42205995321273804","0.5156612992286682, 0.4403685927391052","0.41956645250320435, 0.42385903000831604","0.43571051955223083, 0.6308469176292419","0.38309377431869507, 0.6220036745071411","0.4854782223701477, 0.7666850090026855","0.44585147500038147, 0.7791193723678589","0.44474393129348755, 0.3702307343482971","0.42425736784935, 0.382325679063797","0.4305829405784607, 0.9123056530952454","0.42031699419021606, 0.9563755989074707","0.5616753697395325, 0.4384087026119232",-28.5320369853123,Leading Side
2.1021021021021022,250.6783514951552,233.7566398549897,159.50480841732502,71.70686710692358,123.9500059023178,135.79933029327464,222.7621415863018,208.5440286490824,"0.5525716543197632, 0.468573659658432","0.4639747142791748, 0.42157530784606934","0.515496015548706, 0.4368526041507721","0.4116446375846863, 0.42134350538253784","0.43566274642944336, 0.630986750125885","0.38204526901245117, 0.6211651563644409","0.4854166507720947, 0.7666813731193542","0.4455954134464264, 0.7791171073913574","0.44263872504234314, 0.3619019389152527","0.42494601011276245, 0.38498011231422424","0.4305728077888489, 0.9130210876464844","0.42033424973487854, 0.9567714929580688","0.56895512342453, 0.43779486417770386",-28.778793266676853,Leading Side
2.135468802135469,266.7450230572496,240.5571737843359,165.0642960812954,70.50713127798872,123.26591107670724,135.65495653556667,223.07300608368405,208.7686382204468,"0.553502082824707, 0.4683586657047272","0.46351146697998047, 0.4212814271450043","0.515318751335144, 0.43587565422058105","0.4101060926914215, 0.42059606313705444","0.4356136918067932, 0.6311133503913879","0.3814495801925659, 0.6206567287445068","0.4853472113609314, 0.7666677832603455","0.4453586935997009, 0.7790736556053162","0.4419083595275879, 0.36073604226112366","0.4251018166542053, 0.3855136036872864","0.43057385087013245, 0.9135158658027649","0.4203568994998932, 0.9569414258003235","0.5721968412399292, 0.4372989237308502",-28.90530936185645,Leading Side
2.1688355021688355,278.6522627596533,244.95245424369693,169.8247428216319,67.61091544428683,122.51869612379362,135.31920049884303,223.6169069363046,209.14123522312107,"0.554218053817749, 0.46912485361099243","0.46382302045822144, 0.4214279055595398","0.5150740146636963, 0.4324483871459961","0.41493090987205505, 0.4164039194583893","0.43532878160476685, 0.6313951015472412","0.3812546730041504, 0.6207565069198608","0.48771539330482483, 0.767227292060852","0.4452977180480957, 0.7790876030921936","0.44082111120224, 0.35973525047302246","0.4330398440361023, 0.3858698606491089","0.4307636618614197, 0.9136859774589539","0.42041581869125366, 0.9570567011833191","0.5739052295684814, 0.43721991777420044",-29.12349771045232,Leading Side
2.2022022022022023,286.9751419634176,246.51825306461416,170.5347566945104,65.39019212368979,121.8719291945154,134.81783167319188,224.10065164204383,209.6378672095923,"0.5562414526939392, 0.4700067639350891","0.46437373757362366, 0.4217178225517273","0.5139214992523193, 0.43151313066482544","0.41839367151260376, 0.4154350161552429","0.43527477979660034, 0.6314672827720642","0.38143521547317505, 0.62080317735672","0.4892697334289551, 0.7675577402114868","0.44522085785865784, 0.7791594862937927","0.4394243359565735, 0.3577604591846466","0.43238264322280884, 0.3892675042152405","0.43095555901527405, 0.9136870503425598","0.4205380976200104, 0.9574142694473267","0.5756888389587402, 0.4344782829284668",-29.490146438654605,Leading Side
2.235568902235569,291.54558901626666,245.0582671694101,173.04342753510286,63.31690774996763,121.26195603086558,134.10049360326886,224.71919901052337,210.4734584445469,"0.5555728673934937, 0.46754059195518494","0.4657154679298401, 0.42249593138694763","0.513776421546936, 0.4319160580635071","0.4177151620388031, 0.4167559742927551","0.4352756440639496, 0.6315476298332214","0.3822999596595764, 0.6211208701133728","0.48918789625167847, 0.7683053016662598","0.4451553225517273, 0.7789229154586792","0.4402000904083252, 0.3607601523399353","0.4342789053916931, 0.3896873891353607","0.431377112865448, 0.9168628454208374","0.42054224014282227, 0.9574438333511353","0.5782392024993896, 0.43267765641212463",-29.325606459435512,Leading Side
2.2689356022689355,292.0673069821666,240.45610402319983,174.1974478475699,61.28909925244059,120.80863952263232,133.41316150900906,225.0146522808609,211.29273579459905,"0.5542820692062378, 0.4674747884273529","0.46626025438308716, 0.4228549897670746","0.5137732625007629, 0.4322494566440582","0.41238588094711304, 0.41673946380615234","0.4354774057865143, 0.631668210029602","0.3824348747730255, 0.6211562156677246","0.4891900420188904, 0.7689510583877563","0.44483909010887146, 0.778175413608551","0.4406054615974426, 0.3611328601837158","0.4289523661136627, 0.38710877299308777","0.43142572045326233, 0.9189398884773254","0.4209900498390198, 0.9573975801467896","0.5768827199935913, 0.4326968193054199",-29.204652665430796,Leading Side
2.3023023023023024,289.8142387977924,233.627971101114,178.50697534900894,59.91922829724862,120.52484146407804,132.66553965860734,225.43684023080664,211.9984767583601,"0.5569887161254883, 0.4675583243370056","0.4686124324798584, 0.42279964685440063","0.5083397626876831, 0.4282287657260895","0.40918007493019104, 0.4101096987724304","0.4355088174343109, 0.6316787600517273","0.3825080692768097, 0.6211940050125122","0.4912203252315521, 0.7693214416503906","0.44450902938842773, 0.7781959772109985","0.4350438117980957, 0.35273343324661255","0.4270416796207428, 0.37415286898612976","0.4321674406528473, 0.919563889503479","0.4209999144077301, 0.957910418510437","0.5819702744483948, 0.4156956076622009",-29.796439169476816,Leading Side
2.335669002335669,284.5879916871113,224.10701302133256,181.35468839620196,59.84351478277698,120.4948376442326,131.97855413109812,225.6483768529368,212.58541577915025,"0.5570535063743591, 0.46775490045547485","0.4706101417541504, 0.422797292470932","0.5061709880828857, 0.42702943086624146","0.40872734785079956, 0.40803661942481995","0.43552297353744507, 0.6316756010055542","0.3825487494468689, 0.6212319135665894","0.49270424246788025, 0.7696312069892883","0.44432348012924194, 0.7782812118530273","0.4333013892173767, 0.3504432141780853","0.4268927574157715, 0.37128251791000366","0.432757705450058, 0.9201126098632812","0.4209674298763275, 0.9584479331970215","0.5841891765594482, 0.41361570358276367",-30.04575269407171,Leading Side
2.369035702369036,275.6616193582593,211.64431111086373,182.5054469365584,61.77611457518589,120.47900607046248,131.24330827332346,225.58983982413628,213.29733795391283,"0.5577928423881531, 0.4676738381385803","0.4717933237552643, 0.4236380159854889","0.5024687051773071, 0.428076833486557","0.4072710871696472, 0.40852293372154236","0.43617120385169983, 0.6318124532699585","0.38377347588539124, 0.6216535568237305","0.4930689334869385, 0.7701173424720764","0.4443470537662506, 0.7781168222427368","0.43071308732032776, 0.3537974953651428","0.42764028906822205, 0.37450963258743286","0.43322938680648804, 0.9199608564376831","0.42093539237976074, 0.9576674699783325","0.586187481880188, 0.4134484827518463",-30.065417897322597,Leading Side
2.4024024024024024,262.96135094107615,196.61308008901432,181.53108320089828,64.82131113732451,120.72238361032004,130.64408621217106,225.1177545381891,213.91664838988652,"0.5582567453384399, 0.4676060080528259","0.47272124886512756, 0.42412906885147095","0.5012432336807251, 0.42850661277770996","0.4068269729614258, 0.4089907109737396","0.4365801215171814, 0.6318755149841309","0.38436204195022583, 0.6218309998512268","0.4933915138244629, 0.7704439759254456","0.44437175989151, 0.7779572010040283","0.4299592077732086, 0.3549833595752716","0.4278234541416168, 0.3760954439640045","0.43360328674316406, 0.9199109077453613","0.42092132568359375, 0.957087516784668","0.587198793888092, 0.4128853380680084",-30.12467574728995,Leading Side
2.4357691024357693,245.7620335976411,179.73701546751744,178.66477493096318,64.94230290753195,121.14778217496745,130.17435438159862,224.4515068404105,214.40133243048064,"0.5578944683074951, 0.4655073583126068","0.47558313608169556, 0.4248354434967041","0.49605077505111694, 0.42302221059799194","0.40528735518455505, 0.42458581924438477","0.43722134828567505, 0.6325451731681824","0.38502129912376404, 0.6227093935012817","0.49522846937179565, 0.7704386115074158","0.44661960005760193, 0.7777801752090454","0.42616015672683716, 0.35651829838752747","0.42139631509780884, 0.3872016370296478","0.4346991181373596, 0.9176467061042786","0.42104896903038025, 0.9544647336006165","0.5866304039955139, 0.4127785563468933",-30.065084316562135,Leading Side
2.469135802469136,223.91863691608157,161.12047403787278,174.9884290296878,65.61816071627194,121.76479620213824,129.83295275593517,223.5415210145498,214.7450032289557,"0.5571008920669556, 0.46427789330482483","0.4771440923213959, 0.42518725991249084","0.49418458342552185, 0.4209391176700592","0.40451979637145996, 0.42923927307128906","0.43765535950660706, 0.6329900026321411","0.3854178786277771, 0.623254656791687","0.49649372696876526, 0.7707765698432922","0.4477028250694275, 0.7777594923973083","0.4249569773674011, 0.3574219346046448","0.42014583945274353, 0.39182525873184204","0.43511396646499634, 0.9167262315750122","0.42112889885902405, 0.9533090591430664","0.5871983766555786, 0.4135514199733734",-29.931003474996675,Leading Side
2.5025025025025025,210.68715834033284,139.93197908105253,175.87318825954355,72.10126384000353,122.62574585670076,129.62358222853038,222.42507132620904,214.86734438049248,"0.5597094893455505, 0.4654504656791687","0.4831288456916809, 0.42574721574783325","0.4970117509365082, 0.42523008584976196","0.40881481766700745, 0.43361696600914","0.43857041001319885, 0.6329269409179688","0.3875666856765747, 0.6245034337043762","0.49937352538108826, 0.7725366950035095","0.45555099844932556, 0.7780199646949768","0.42458081245422363, 0.36911362409591675","0.4158138632774353, 0.38552314043045044","0.4358465075492859, 0.9168446660041809","0.4220145344734192, 0.9525874853134155","0.5881500244140625, 0.4099203646183014",-30.61296001187542,Leading Side
2.5358692025358693,195.6895342954462,113.57038443354512,177.1659477155262,77.2225413754234,123.8263478100311,129.25901945627024,221.2566806045203,214.78432941491903,"0.5587461590766907, 0.4653705060482025","0.4874099791049957, 0.43048587441444397","0.496986448764801, 0.42559224367141724","0.41737014055252075, 0.43254512548446655","0.43874698877334595, 0.6328907608985901","0.38880354166030884, 0.6258567571640015","0.5004561543464661, 0.773183286190033","0.4582337439060211, 0.7783845067024231","0.4240357279777527, 0.3687434494495392","0.4167759418487549, 0.38295966386795044","0.43636828660964966, 0.9168445467948914","0.4225548803806305, 0.9515303373336792","0.5877558588981628, 0.4095849096775055",-31.064758113138307,Leading Side
2.569235902569236,180.33092035688531,99.03362392563702,178.30264595067194,82.92578545443878,125.07997177542968,129.39099495159755,219.76427362251243,214.58578864528516,"0.5412613749504089, 0.46054214239120483","0.506206214427948, 0.44167643785476685","0.49271875619888306, 0.4368809759616852","0.45114606618881226, 0.45563071966171265","0.430087149143219, 0.6301862597465515","0.39138346910476685, 0.6277160048484802","0.5002469420433044, 0.7714999914169312","0.4642302989959717, 0.7784367203712463","0.4246686100959778, 0.3831377625465393","0.4289793372154236, 0.3893434703350067","0.43663468956947327, 0.9168817400932312","0.42432284355163574, 0.948243260383606","0.5888301730155945, 0.41891855001449585",-32.43136723632996,Leading Side
2.6026026026026026,163.5399746420933,86.03968539044122,180.20273795127585,88.61265789046027,126.47845754207049,129.73130727198085,218.05635349395425,214.28061231681875,"0.5258693099021912, 0.4566258490085602","0.5086985230445862, 0.4440856873989105","0.484868586063385, 0.4549492299556732","0.4791427254676819, 0.48325157165527344","0.4226631224155426, 0.6232492923736572","0.4019549489021301, 0.6262091994285583","0.48144158720970154, 0.767928957939148","0.4723901152610779, 0.7726823687553406","0.44442257285118103, 0.42796558141708374","0.5033574104309082, 0.4620295464992523","0.43573862314224243, 0.9231668710708618","0.42715486884117126, 0.9382127523422241","0.585919976234436, 0.4273553788661957",-31.048434435861726,Leading Side
2.6359693026359694,147.671517531594,73.67289460502354,180.67146815327965,95.26406884046932,128.19625816175022,130.1823570019886,216.1595594613249,213.8798200533213,"0.5122321248054504, 0.45211976766586304","0.5165512561798096, 0.448273241519928","0.471763551235199, 0.4567050039768219","0.4949926435947418, 0.4949096143245697","0.41546544432640076, 0.6203009486198425","0.4066372811794281, 0.6262456774711609","0.4754374921321869, 0.7679833173751831","0.4763340950012207, 0.7727816700935364","0.44396814703941345, 0.4262514114379883","0.5175278186798096, 0.47303256392478943","0.4350183606147766, 0.9248844385147095","0.4281228184700012, 0.9352210164070129","0.5842612385749817, 0.4306999742984772",-30.84048959329151,Leading Side
2.669336002669336,132.02751630101153,51.61660912308784,179.73245239161443,100.99200917598516,130.04615749916965,130.69982374617337,214.07624278310368,213.36388689461336,"0.5050156116485596, 0.4491867125034332","0.5208756923675537, 0.45771726965904236","0.47528475522994995, 0.46821966767311096","0.507522463798523, 0.5044070482254028","0.40693768858909607, 0.6210676431655884","0.4110735356807709, 0.628546953201294","0.4735076427459717, 0.7680615186691284","0.47546520829200745, 0.7728973031044006","0.4528641104698181, 0.4788362383842468","0.5401038527488708, 0.49445661902427673","0.43499913811683655, 0.921244740486145","0.4285855293273926, 0.9350150227546692","0.5786443948745728, 0.4344399869441986",-31.24000056424669,Leading Side
2.702702702702702,116.70280694774844,40.01539881985597,177.412934465461,104.69915048034238,131.98554848354115,131.47348713297006,211.83110775855005,212.6507073619336,"0.49917730689048767, 0.44744881987571716","0.5236446261405945, 0.46097803115844727","0.4683758616447449, 0.46843665838241577","0.503242015838623, 0.5036564469337463","0.4027237296104431, 0.6214693784713745","0.4130951464176178, 0.6305705308914185","0.47289639711380005, 0.7681304216384888","0.4752872586250305, 0.773007869720459","0.45207738876342773, 0.48656004667282104","0.5380999445915222, 0.4993724226951599","0.43500572443008423, 0.9208818674087524","0.4288298487663269, 0.9352588653564453","0.5750828981399536, 0.43473631143569946",-31.06605050733861,Leading Side
2.736069402736069,100.88077517726003,29.64473044900908,175.08294370895086,107.4903240932237,133.98101133592016,132.34506355412873,209.4424289608811,211.78714931123267,"0.5229283571243286, 0.43603983521461487","0.5215647220611572, 0.43942028284072876","0.5379449725151062, 0.5247823596000671","0.48791781067848206, 0.5321298837661743","0.4221769869327545, 0.6164186000823975","0.4116952419281006, 0.6212497353553772","0.47153887152671814, 0.7644152045249939","0.47355350852012634, 0.7731737494468689","0.4915877878665924, 0.5480796098709106","0.5359705090522766, 0.5638436079025269","0.4355854392051697, 0.9208261370658875","0.4287797808647156, 0.9353315234184265","0.6056798696517944, 0.3979540169239044",-30.177619524627264,Leading Side
2.7694361027694363,77.64205268162067,21.81082995990083,174.65293449927128,106.3405665855556,135.93315974242003,133.42154444795693,207.06635907428745,210.72425957550016,"0.5273522138595581, 0.43072232604026794","0.5170579552650452, 0.43194279074668884","0.5407105684280396, 0.5266674160957336","0.4816737771034241, 0.5339744091033936","0.4256328046321869, 0.6145612001419067","0.41381725668907166, 0.6182502508163452","0.4687901437282562, 0.7631878852844238","0.47251972556114197, 0.772952139377594","0.5141789317131042, 0.5522271394729614","0.5368465781211853, 0.5684071779251099","0.4355897903442383, 0.9208629727363586","0.4295499920845032, 0.9348276853561401","0.60916668176651, 0.3942318558692932",-28.974493493926513,Leading Side
2.802802802802803,57.62367004025717,15.692357160902551,170.71931481847668,105.55732293353984,137.86008518394735,134.53655697538875,204.62607850902907,209.50850193075945,"0.5075159668922424, 0.42766571044921875","0.5166553258895874, 0.4284641146659851","0.5290426015853882, 0.52967768907547","0.4902609884738922, 0.5209228992462158","0.4084681570529938, 0.6116142272949219","0.424673855304718, 0.6156922578811646","0.443547785282135, 0.7639573216438293","0.47271937131881714, 0.77301025390625","0.5698047876358032, 0.6047813296318054","0.5268656015396118, 0.5572941303253174","0.4249820113182068, 0.9221614003181458","0.4448154866695404, 0.9327934384346008","0.6053687930107117, 0.3995612859725952",-27.233007427363496,Leading Side
2.836169502836169,40.5680877938373,11.182548633200213,163.17736650832975,104.40810030906329,139.84790584073903,135.66730554938897,202.14583039733185,208.19482111248885,"0.4825078845024109, 0.42983150482177734","0.5156038999557495, 0.4294247627258301","0.5272107720375061, 0.5396246314048767","0.4983413815498352, 0.5226773023605347","0.3991415798664093, 0.612505316734314","0.42860931158065796, 0.6152234673500061","0.4391428530216217, 0.7657707333564758","0.473569393157959, 0.7731074094772339","0.570000410079956, 0.6157991290092468","0.5186190009117126, 0.5604633688926697","0.4219454824924469, 0.9237847328186035","0.4483543336391449, 0.9327229261398315","0.5818445682525635, 0.41184037923812866",-24.813156741940677,Leading Side
2.8695362028695364,26.50047008044195,0.1082143526011603,156.4898315150186,98.47088672342473,141.8548373516591,136.79414788306514,199.62448414224625,206.75555371563576,"0.48193398118019104, 0.42062997817993164","0.5143174529075623, 0.43239450454711914","0.5214325189590454, 0.535578727722168","0.495450496673584, 0.5541333556175232","0.39393413066864014, 0.6116988658905029","0.43113765120506287, 0.6157445311546326","0.4245526194572449, 0.7658478617668152","0.475830078125, 0.7650390863418579","0.5717034935951233, 0.6184335947036743","0.5035565495491028, 0.6360939741134644","0.42165154218673706, 0.9236796498298645","0.4521316587924957, 0.928780734539032","0.5867695808410645, 0.4069478511810303",-24.56928760308374,Leading Side
2.902902902902903,15.018198735545376,-6.867895786980898,151.95040162577908,94.41087120368076,143.77927329181148,137.86949810275,197.1241811122248,205.26772394377903,"0.4841834604740143, 0.420490026473999","0.5135323405265808, 0.4375127851963043","0.5178887248039246, 0.535101592540741","0.49261680245399475, 0.5608482956886292","0.39347147941589355, 0.6121560335159302","0.430850088596344, 0.6161457896232605","0.4213571548461914, 0.7658947706222534","0.4760986864566803, 0.7608450055122375","0.5718960165977478, 0.6145107746124268","0.48866206407546997, 0.6418347358703613","0.42096656560897827, 0.9236282110214233","0.4535090923309326, 0.9258453249931335","0.5869415402412415, 0.4061393141746521",-25.09156161666371,Leading Side
2.9362696029362696,7.075424219840448,-9.288869118711972,147.4203686455164,91.74335769799852,145.62041406887414,138.97809584007618,194.66290743597972,203.6215227809664,"0.46188730001449585, 0.40545541048049927","0.524013102054596, 0.44019779562950134","0.42930492758750916, 0.5211573243141174","0.5268909931182861, 0.5530343055725098","0.3862071633338928, 0.6144577264785767","0.4423244893550873, 0.6201027035713196","0.41419896483421326, 0.7672666311264038","0.47412580251693726, 0.7626932263374329","0.4496857225894928, 0.5870455503463745","0.568211019039154, 0.6378338932991028","0.41922181844711304, 0.9234122037887573","0.4551423192024231, 0.9251033663749695","0.5587581396102905, 0.40681734681129456",-22.030393690504205,Leading Side
2.9696363029696364,2.665273809895112,-7.171644058901265,142.74137888695174,90.628279171239,147.34970452160707,140.13272854065116,192.2493703475163,201.79414906833625,"0.45340901613235474, 0.4124208390712738","0.5281914472579956, 0.44349804520606995","0.4163334369659424, 0.522025465965271","0.5329254865646362, 0.5563054084777832","0.38416266441345215, 0.621250331401825","0.446026086807251, 0.6248756051063538","0.4140804409980774, 0.7674378156661987","0.4731975197792053, 0.7632693648338318","0.430772066116333, 0.5993983745574951","0.5740578174591064, 0.6397972106933594","0.41719427704811096, 0.9232498407363892","0.45568108558654785, 0.9240066409111023","0.555783748626709, 0.4142239987850189",-21.207704924961767,Leading Side
3.003003003003004,2.2688758259689594,-0.5568771658253597,137.7771804983878,90.67707476842932,148.96684453465164,141.3772678037604,189.9377619362928,199.7806998309005,"0.4551815092563629, 0.40864723920822144","0.5319138765335083, 0.4428800046443939","0.43479618430137634, 0.520229697227478","0.5346581935882568, 0.5517138242721558","0.3868533968925476, 0.6204322576522827","0.4492366313934326, 0.6230379343032837","0.4116520881652832, 0.767314076423645","0.4721841812133789, 0.7643625140190125","0.4474598467350006, 0.583407998085022","0.5507968664169312, 0.5985723733901978","0.4168330729007721, 0.9232031106948853","0.45439258217811584, 0.9232312440872192","0.5592554807662964, 0.4069385528564453",-21.070367884366696,Leading Side
3.0363697030363697,5.13567963386533,12.469296590411185,133.36251185396708,90.4919708711237,150.4267232840347,142.64968978713097,187.82411035770468,197.6903562772663,"0.44893041253089905, 0.41242241859436035","0.5291278958320618, 0.44225794076919556","0.4475424885749817, 0.5166736841201782","0.5270933508872986, 0.5470384359359741","0.3877277970314026, 0.6209758520126343","0.4498627781867981, 0.6230190992355347","0.4098352789878845, 0.7681852579116821","0.4697764813899994, 0.764928936958313","0.4913293421268463, 0.5763800144195557","0.5432486534118652, 0.5902209281921387","0.4167582094669342, 0.9232266545295715","0.45362791419029236, 0.9227567911148071","0.5417365431785583, 0.39563363790512085",-19.839838106765338,Leading Side
3.0697364030697365,11.554966605882289,19.01423831567061,129.30254014693685,90.77693266372442,151.74490306477296,143.9651844780967,185.92049381544797,195.5149549755025,"0.4499443471431732, 0.4138560891151428","0.5322001576423645, 0.44039860367774963","0.4291397035121918, 0.4837537705898285","0.5352381467819214, 0.4779585003852844","0.3890954852104187, 0.6167051196098328","0.44787827134132385, 0.6207460165023804","0.4101622998714447, 0.7705209255218506","0.46901074051856995, 0.7652020454406738","0.45852288603782654, 0.5411571264266968","0.5486282110214233, 0.4308657646179199","0.41731828451156616, 0.9234949350357056","0.45358580350875854, 0.9219279289245605","0.5502643585205078, 0.39855942130088806",-20.748771294123568,Leading Side
3.103103103103104,21.13046368455798,27.169313203411868,126.50596270721124,92.39045020782304,152.86102639151787,145.13154689839934,184.33431704689295,193.5770088036207,"0.44365444779396057, 0.41588908433914185","0.5217670202255249, 0.4382386803627014","0.42943239212036133, 0.4832896292209625","0.5555406808853149, 0.44450291991233826","0.38938164710998535, 0.6154123544692993","0.4487574100494385, 0.6199818849563599","0.40998226404190063, 0.7725563049316406","0.46817365288734436, 0.7655461430549622","0.46742838621139526, 0.5264677405357361","0.5888012051582336, 0.39720991253852844","0.41754263639450073, 0.9238489866256714","0.4535447955131531, 0.9216188192367554","0.5361833572387695, 0.39700743556022644",-18.461127288270557,Leading Side
3.1364698031364697,34.46760490355923,37.46225475922592,123.82110419615194,94.95282941152192,153.79779853949842,146.23291261868317,183.04160796732708,191.7138741559748,"0.4553356170654297, 0.4066247344017029","0.5296375155448914, 0.44765496253967285","0.43867039680480957, 0.43864303827285767","0.5423229932785034, 0.4823560118675232","0.3901832699775696, 0.6161276698112488","0.44814473390579224, 0.6218689680099487","0.40987199544906616, 0.773193359375","0.46693986654281616, 0.7655901908874512","0.47207069396972656, 0.4802183210849762","0.5582410097122192, 0.47017374634742737","0.4177510142326355, 0.9238834381103516","0.453209787607193, 0.9208852648735046","0.5684952139854431, 0.4104812741279602",-20.91535966141686,Leading Side
3.169836503169837,51.94392005579071,48.7206255560808,120.7103959651938,98.1955870454106,154.5312191514181,147.08384712338193,182.1460137846662,189.9452162111203,"0.45822229981422424, 0.40441909432411194","0.5362661480903625, 0.4523700773715973","0.4421467185020447, 0.4125177264213562","0.5381821990013123, 0.5019997954368591","0.3910777270793915, 0.6180705428123474","0.45060762763023376, 0.6251643300056458","0.40833520889282227, 0.7744866609573364","0.46655362844467163, 0.7671805024147034","0.47313255071640015, 0.4338810443878174","0.5259498357772827, 0.4779892563819885","0.4178846478462219, 0.9237672090530396","0.4536420702934265, 0.920721173286438","0.565991222858429, 0.40886789560317993",-21.574158106907714,Leading Side
3.2032032032032034,74.48782287899623,59.682656987776056,116.57502831030638,97.67773511929252,155.32265416300896,147.89626609629366,181.03812324261767,188.3327833157704,"0.47696447372436523, 0.3910391926765442","0.5434836149215698, 0.4510676860809326","0.45599764585494995, 0.41533851623535156","0.5643936991691589, 0.4996735453605652","0.3916482627391815, 0.6156401038169861","0.4543312191963196, 0.6213370561599731","0.40740805864334106, 0.7743355631828308","0.4656696915626526, 0.7672777771949768","0.5072970986366272, 0.4355090260505676","0.5342550873756409, 0.4402080476284027","0.41801467537879944, 0.923744797706604","0.4536696970462799, 0.9206668138504028","0.5870093107223511, 0.41304486989974976",-23.837652516389348,Leading Side
3.2365699032365702,88.96339278509872,71.41107721148464,111.22707699567464,97.2224554288137,156.06913193241908,148.39134764888774,180.0454405983834,186.99421069862132,"0.4789096713066101, 0.38827717304229736","0.5440045595169067, 0.45341959595680237","0.46716323494911194, 0.40674692392349243","0.5665246248245239, 0.5004314184188843","0.3919764757156372, 0.6155074238777161","0.4566414952278137, 0.6210107207298279","0.4073154926300049, 0.7742046117782593","0.46407634019851685, 0.768962025642395","0.5165218710899353, 0.4304758608341217","0.5382866859436035, 0.4342452883720398","0.41782230138778687, 0.9233772158622742","0.453503280878067, 0.9204314351081848","0.5842202305793762, 0.4165145456790924",-23.81934795506067,Leading Side
3.2699366032699366,103.22234473816174,84.29589832421267,108.43435226967313,97.8482133341538,156.5228856101971,148.7352230800537,179.3645041482034,185.80704290878444,"0.48109227418899536, 0.3874360918998718","0.5530268549919128, 0.4556695520877838","0.4658583104610443, 0.42089495062828064","0.5593788027763367, 0.5021952390670776","0.3922484219074249, 0.6143108010292053","0.4555804133415222, 0.6211258172988892","0.40619006752967834, 0.774166464805603","0.46316638588905334, 0.77140873670578","0.509613037109375, 0.45106568932533264","0.537061333656311, 0.44844120740890503","0.41668859124183655, 0.9228106737136841","0.45307332277297974, 0.9204775094985962","0.5973366498947144, 0.4157988131046295",-25.399743859928893,Leading Side
3.3033033033033035,126.0320114794724,97.25992758651788,105.026757822294,98.96013228231207,156.7517019365015,148.8685201404781,179.0021856590211,184.8404605097645,"0.48001962900161743, 0.38726770877838135","0.5568913221359253, 0.4557459354400635","0.46762117743492126, 0.4015668034553528","0.5671981573104858, 0.4972899854183197","0.3922644257545471, 0.614348292350769","0.45637696981430054, 0.6225918531417847","0.40526899695396423, 0.7748974561691284","0.46210867166519165, 0.7743666768074036","0.5117533206939697, 0.43631306290626526","0.5405711531639099, 0.43749183416366577","0.41603487730026245, 0.9227962493896484","0.4530523717403412, 0.9205532073974609","0.5921263694763184, 0.4153274595737457",-25.544565871751455,Leading Side
3.3366700033366703,147.4560008989313,110.80857342530668,105.9296244629629,101.99527835892071,157.11171073722326,148.9419007935731,178.6064329715159,184.00621698249748,"0.47999557852745056, 0.38264527916908264","0.5668137669563293, 0.4553125500679016","0.4568958878517151, 0.341020792722702","0.5606542229652405, 0.46033793687820435","0.39239776134490967, 0.6136178970336914","0.45573824644088745, 0.6222814321517944","0.40245360136032104, 0.7752503752708435","0.46268290281295776, 0.7741872072219849","0.45989805459976196, 0.3431449234485626","0.5262515544891357, 0.41138380765914917","0.4148179590702057, 0.9227927923202515","0.4537028670310974, 0.9203184247016907","0.5905393362045288, 0.40264782309532166",-26.530783704176553,Leading Side
3.3700367033700367,167.55424682228232,133.2460636153786,109.01420040556523,106.28947760401329,157.53584950304162,148.90122246944227,178.1206234599738,183.09425743840177,"0.4799892008304596, 0.3792506158351898","0.5686424374580383, 0.45455703139305115","0.45561057329177856, 0.3312140107154846","0.5578665137290955, 0.46588048338890076","0.39251646399497986, 0.6129436492919922","0.45714879035949707, 0.6222080588340759","0.4019095301628113, 0.7753297686576843","0.4629204273223877, 0.7738655805587769","0.4471069276332855, 0.3361439108848572","0.5239876508712769, 0.4174615442752838","0.41282373666763306, 0.9227873682975769","0.45400530099868774, 0.9196632504463196","0.5905956029891968, 0.3974825441837311",-26.369922081643328,Leading Side
3.4034034034034035,186.08441299625468,155.08780931927063,106.23233855357542,110.16138758847588,157.56711176134823,149.2097585264804,177.51835639007746,182.3498718879443,"0.48599085211753845, 0.3763306736946106","0.5721572637557983, 0.45245036482810974","0.43964195251464844, 0.2978633642196655","0.5574190020561218, 0.46711796522140503","0.39260798692703247, 0.6123801469802856","0.4600812494754791, 0.6225137710571289","0.3996419608592987, 0.776077151298523","0.46339431405067444, 0.7723391652107239","0.4310409128665924, 0.27748340368270874","0.5205438733100891, 0.4105209708213806","0.4115681052207947, 0.9221749305725098","0.4567855894565582, 0.9178909063339233","0.5897764563560486, 0.38112011551856995",-26.835564513172812,Leading Side
3.4367701034367704,202.34420192469716,173.25017333380862,103.23488408880483,116.12560595968664,157.9180519761684,149.13257328892897,177.5913407266281,181.82629824025963,"0.4885113835334778, 0.3730897307395935","0.5729588270187378, 0.4519936144351959","0.437529981136322, 0.29766884446144104","0.5584083199501038, 0.4230070114135742","0.3926267921924591, 0.6124589443206787","0.4627947211265564, 0.6236158609390259","0.39843639731407166, 0.7766501903533936","0.4634583592414856, 0.7722482085227966","0.4256954789161682, 0.26782891154289246","0.5181347131729126, 0.38960424065589905","0.4109242856502533, 0.9221705198287964","0.4577394425868988, 0.9166720509529114","0.5947402119636536, 0.37941017746925354",-26.626688724951613,Leading Side
3.4701368034701368,216.2278037342568,188.77062733386893,101.89290347514506,123.22844125665377,158.02440218085417,149.3669921750949,176.96951446534948,181.3655237033824,"0.4881563186645508, 0.3728734850883484","0.57662433385849, 0.44667062163352966","0.41842421889305115, 0.32487136125564575","0.553516685962677, 0.4163617491722107","0.3926750421524048, 0.6176037192344666","0.46674099564552307, 0.6287482380867004","0.39947524666786194, 0.7787420153617859","0.46419018507003784, 0.7727154493331909","0.42103680968284607, 0.2805384695529938","0.49325650930404663, 0.3739331364631653","0.4126470983028412, 0.9221882820129395","0.4637995660305023, 0.9152530431747437","0.5937960743904114, 0.37880268692970276",-25.69518953928013,Leading Side
3.503503503503504,228.4771590577101,202.6853665598356,97.63149660992602,127.7833371885661,157.51347176238974,149.7623529830234,176.9506132742154,181.1850115091727,"0.48726263642311096, 0.3731694519519806","0.5777718424797058, 0.44525790214538574","0.41719895601272583, 0.32559263706207275","0.5526727437973022, 0.4175656735897064","0.3927079737186432, 0.6198403835296631","0.4680783748626709, 0.6316746473312378","0.4001030921936035, 0.7805906534194946","0.46432366967201233, 0.7739477157592773","0.41998323798179626, 0.28053268790245056","0.4897542893886566, 0.3749726116657257","0.41272979974746704, 0.9225489497184753","0.4649592339992523, 0.9141570329666138","0.5926777720451355, 0.3783707022666931",-25.248995825053957,Leading Side
3.5368702035368704,241.5847408800307,221.32218535200232,96.98599990809022,137.71221531607983,157.73606147257172,150.23376488969066,176.71162733142495,180.74602102867448,"0.48136234283447266, 0.37461408972740173","0.575258731842041, 0.43464913964271545","0.4117174744606018, 0.33615046739578247","0.531818687915802, 0.4008142948150635","0.39290449023246765, 0.6191264390945435","0.4688607156276703, 0.6311057806015015","0.4005405008792877, 0.7804175615310669","0.46619105339050293, 0.7718545794487","0.40811824798583984, 0.27915307879447937","0.4844970703125, 0.35554489493370056","0.412847101688385, 0.924526572227478","0.46838730573654175, 0.9092046618461609","0.5838623046875, 0.36461931467056274",-23.839730027308015,Leading Side
3.5702369035702373,252.49994771548356,238.09319558110303,96.60732800294126,146.90306663719937,157.96292809464128,150.7527830036897,176.55456166482617,180.36883901229317,"0.47995051741600037, 0.37487924098968506","0.5734915733337402, 0.4334754943847656","0.4126664698123932, 0.3236614465713501","0.5348783731460571, 0.4153953492641449","0.3935709297657013, 0.6189607977867126","0.4695774018764496, 0.6307286024093628","0.40064606070518494, 0.7802695035934448","0.46761250495910645, 0.7702043056488037","0.4099237024784088, 0.2797204256057739","0.4876473546028137, 0.36646077036857605","0.41292667388916016, 0.9252529144287109","0.4692193567752838, 0.9074074029922485","0.5787686109542847, 0.3634341061115265",-23.32463831151442,Leading Side
3.603603603603604,260.90086377997875,252.51717332310085,96.5034754448102,155.02119341805567,158.19733648043368,151.32301475025514,176.48350233272006,180.0514739976584,"0.47609949111938477, 0.3753344714641571","0.573560893535614, 0.42450737953186035","0.3999491333961487, 0.332236647605896","0.5165446996688843, 0.3727719783782959","0.39474451541900635, 0.6176568269729614","0.4701139032840729, 0.6283522844314575","0.4004265367984772, 0.7812827825546265","0.4695867896080017, 0.7693571448326111","0.39463138580322266, 0.26895415782928467","0.4554154872894287, 0.29990750551223755","0.41296929121017456, 0.9312725067138672","0.4718102514743805, 0.903516948223114","0.5724378824234009, 0.3545302450656891",-22.499280463776174,Leading Side
3.6369703036369705,266.4655732894281,264.11289465395987,96.68243678402894,161.73189792478107,158.44255148178542,151.94806755462275,176.50253539340915,179.79193452240153,"0.47303932905197144, 0.3756348490715027","0.573588490486145, 0.4206569790840149","0.3957778513431549, 0.33567625284194946","0.508802592754364, 0.3663060665130615","0.3952476680278778, 0.617378830909729","0.470294713973999, 0.6270965337753296","0.4003106653690338, 0.7821928858757019","0.470533549785614, 0.7677832245826721","0.3918052911758423, 0.2711635231971741","0.44864049553871155, 0.29082822799682617","0.41253361105918884, 0.9330153465270996","0.4718649387359619, 0.9027495384216309","0.5719903111457825, 0.34980106353759766",-22.000828070121095,Leading Side
3.670337003670337,268.8721604597433,272.3991356496448,97.1522065709294,166.70048242350796,158.70183795053305,152.63154884202822,176.615746905196,179.58822912415377,"0.47342926263809204, 0.37823548913002014","0.5730684995651245, 0.4096946120262146","0.3794124722480774, 0.3604743480682373","0.4912955164909363, 0.36139124631881714","0.3971960246562958, 0.6144313216209412","0.47192245721817017, 0.6243094801902771","0.4004453122615814, 0.7820236682891846","0.47129344940185547, 0.7672010660171509","0.3867972791194916, 0.27964726090431213","0.4371184706687927, 0.2870405316352844","0.4136575162410736, 0.9323784708976746","0.47651395201683044, 0.8878017663955688","0.5608139038085938, 0.3381250500679016",-21.478016557215884,Leading Side
3.703703703703704,267.79870950683585,276.8946723861196,97.92077935584348,169.59224918036898,158.9784607385131,153.37706603770738,176.82722292638314,179.43836634054628,"0.4730028510093689, 0.37961307168006897","0.5727187991142273, 0.407505601644516","0.37657883763313293, 0.3664291501045227","0.49024349451065063, 0.3601943254470825","0.39851707220077515, 0.6109482049942017","0.4726048409938812, 0.6209344267845154","0.40049928426742554, 0.7814385294914246","0.4721486568450928, 0.7664483785629272","0.38634222745895386, 0.2808331251144409","0.43574008345603943, 0.2848496437072754","0.4138002395629883, 0.9319542050361633","0.4780389368534088, 0.8845335245132446","0.557667076587677, 0.3365402817726135",-21.433342977011865,Leading Side
3.737070403737071,262.92330464661745,277.1182809393485,98.99614968910304,170.07250046149616,159.2756846975621,154.1882265668959,177.1410495152731,179.3403547092104,"0.4732009768486023, 0.38106769323349","0.5720745921134949, 0.4066293239593506","0.3801628351211548, 0.36802583932876587","0.49162808060646057, 0.3646393418312073","0.3993665874004364, 0.6110386252403259","0.4723169207572937, 0.6207510232925415","0.40123313665390015, 0.7812294363975525","0.47745275497436523, 0.766565203666687","0.38708406686782837, 0.2986406683921814","0.44236618280410767, 0.29827722907066345","0.4141068458557129, 0.9300629496574402","0.48330220580101013, 0.8887954950332642","0.5536588430404663, 0.3331644833087921",-21.350108867013265,Leading Side
3.770437103770437,253.924030095,272.58873738529644,100.38631212104004,167.80653853302212,159.59677467951656,155.06863785482966,177.56131273016842,179.29220276777727,"0.47283506393432617, 0.3818124532699585","0.5716179609298706, 0.4064579904079437","0.38062772154808044, 0.3685894012451172","0.49557265639305115, 0.36720049381256104","0.39989998936653137, 0.6107362508773804","0.47212114930152893, 0.6201308965682983","0.40145283937454224, 0.7805208563804626","0.4796280264854431, 0.7666292190551758","0.3866346478462219, 0.3020000457763672","0.44450560212135315, 0.3024684190750122","0.4141181409358978, 0.9292663335800171","0.4835444390773773, 0.8910365104675293","0.5534869432449341, 0.3340234160423279",-21.28546235625001,Leading Side
3.803803803803804,240.47897006789475,262.82481779992713,102.09926120198637,162.45966566107936,159.94499553621307,156.02190732674427,178.0920986293716,179.2919190538782,"0.48086196184158325, 0.38175874948501587","0.5672749280929565, 0.4002407491207123","0.3852054178714752, 0.37505263090133667","0.4930880665779114, 0.37219899892807007","0.4045758843421936, 0.6108167767524719","0.4747462272644043, 0.6201943159103394","0.40645164251327515, 0.7799595594406128","0.48027557134628296, 0.7666608095169067","0.3907705545425415, 0.3127008080482483","0.44864124059677124, 0.31064003705978394","0.41700735688209534, 0.9258509874343872","0.4837738871574402, 0.8922918438911438","0.5320728421211243, 0.32812151312828064",-20.604742257811413,Leading Side
3.8371705038371706,222.2662087812137,247.34529825920484,104.14299148227386,153.6971841118002,160.3236121194881,157.05164240787553,178.73749327118523,179.33751210514438,"0.48068827390670776, 0.38033273816108704","0.5673915147781372, 0.3981090486049652","0.3873329162597656, 0.37713363766670227","0.4966629147529602, 0.3765659034252167","0.40620726346969604, 0.6103483438491821","0.47648805379867554, 0.6191659569740295","0.4085812568664551, 0.7793325185775757","0.4822830259799957, 0.7663136720657349","0.39272040128707886, 0.316104918718338","0.45082205533981323, 0.31428077816963196","0.416757732629776, 0.9256607294082642","0.4861529767513275, 0.8931721448898315","0.5396895408630371, 0.32825925946235657",-20.135319926507087,Leading Side
3.8705372038705375,198.9638304508685,225.66895483909437,106.5254975122345,141.18439615131706,160.7358892811782,158.1614505234592,179.5015827139118,179.42699045920708,"0.4829731583595276, 0.38027292490005493","0.5591756105422974, 0.39896923303604126","0.4036318361759186, 0.3810391426086426","0.4703320562839508, 0.38525158166885376","0.4076557755470276, 0.6108651161193848","0.4764133095741272, 0.6192425489425659","0.41157618165016174, 0.7777748107910156","0.48358407616615295, 0.7667555809020996","0.41037440299987793, 0.32728227972984314","0.45149922370910645, 0.330896258354187","0.41730672121047974, 0.9245219230651855","0.48907241225242615, 0.8938000798225403","0.530890941619873, 0.32617849111557007",-19.321372122901277,Leading Side
3.903903903903904,170.2499192927706,197.3145636155596,109.25477384220014,124.5866040457625,161.18509187311992,159.35493909873105,180.38845301585388,179.5583626536975,"0.4906107783317566, 0.3802381753921509","0.5512462854385376, 0.3980520963668823","0.40906962752342224, 0.3813386559486389","0.4625089168548584, 0.3931480050086975","0.4092182517051697, 0.6112826466560364","0.47612515091896057, 0.6193479895591736","0.41350364685058594, 0.7764679789543152","0.48452574014663696, 0.7671846151351929","0.41627758741378784, 0.32940465211868286","0.45123720169067383, 0.3396002948284149","0.41848284006118774, 0.9237236976623535","0.4892331659793854, 0.8949724435806274","0.5304127931594849, 0.326608806848526",-19.08606069558541,Leading Side
3.937270603937271,135.80255952283176,161.80090066456506,112.3388150225027,103.56911006126867,161.6744847471498,160.6357155589268,181.402190235314,179.7296372262469,"0.49720245599746704, 0.3789864182472229","0.5238739252090454, 0.38094034790992737","0.4429232180118561, 0.39857929944992065","0.47090449929237366, 0.4014241695404053","0.4175749719142914, 0.6078704595565796","0.4706096053123474, 0.6134515404701233","0.43491220474243164, 0.7733849287033081","0.48441752791404724, 0.7681623697280884","0.44619694352149963, 0.39485639333724976","0.4737423360347748, 0.38514620065689087","0.43493276834487915, 0.9218316078186035","0.4776217043399811, 0.9024936556816101","0.534229040145874, 0.32787245512008667",-16.067544531705494,Leading Side
3.9706373039706375,95.29983535696388,118.64674206207457,115.78561560347408,77.79721646396825,162.20733275510432,162.00738732928218,182.54688043059463,179.9388227144865,"0.46176353096961975, 0.3667815029621124","0.5402810573577881, 0.3874048590660095","0.43028196692466736, 0.3937723934650421","0.5322455167770386, 0.43728238344192505","0.4156148433685303, 0.6063656210899353","0.474815309047699, 0.6128205060958862","0.43102526664733887, 0.7721692323684692","0.48642095923423767, 0.7676395177841187","0.4423753321170807, 0.4189032018184662","0.49552828073501587, 0.4131167531013489","0.4245823323726654, 0.9234524965286255","0.49330011010169983, 0.9000205993652344","0.5364620685577393, 0.3252597451210022",-13.497421706291398,Leading Side
4.004004004004004,48.4198310110782,67.3708638840533,119.60317013544618,46.93622551999343,162.78690074882005,163.47356183503297,183.8266096599984,180.1839276560475,"0.5340614318847656, 0.3788062334060669","0.48659077286720276, 0.3757094740867615","0.4630183279514313, 0.41166019439697266","0.44270700216293335, 0.4254317879676819","0.45678168535232544, 0.6025823950767517","0.4421287178993225, 0.6086995005607605","0.47455915808677673, 0.771300733089447","0.4346543848514557, 0.7687329649925232","0.44122013449668884, 0.40490275621414185","0.4872902035713196, 0.40299373865127563","0.4914645254611969, 0.9081212878227234","0.4341217577457428, 0.9160679578781128","0.5325664281845093, 0.3262500762939453",-14.924095754424686,Leading Side
4.037370704037371,-5.159369298913418,7.492042206465044,123.7994731687509,10.651439495476836,163.4164535801335,165.03784650141495,185.24546398182775,180.46296058856123,"0.5221725106239319, 0.3771130442619324","0.4912830889225006, 0.38158440589904785","0.4480831027030945, 0.4109937250614166","0.4601028561592102, 0.41977372765541077","0.45447173714637756, 0.6026481986045837","0.4572678506374359, 0.607885479927063","0.4634495675563812, 0.7712918519973755","0.47087401151657104, 0.7684488892555237","0.43891939520835876, 0.4034404158592224","0.483149915933609, 0.3902950882911682","0.44090357422828674, 0.9128324389457703","0.4843124449253082, 0.9078332781791687","0.5307198762893677, 0.32671990990638733",-12.686763382594508,Leading Side
4.070737404070738,-65.75968135709904,-61.47094689472627,128.38251925372012,-31.39183934344933,164.0992561008812,166.70384875366383,186.80752945438533,180.77393004965887,"0.49018970131874084, 0.37033042311668396","0.5265594124794006, 0.3840658366680145","0.4412916302680969, 0.42422422766685486","0.5098210573196411, 0.4573346972465515","0.45033320784568787, 0.6008415222167969","0.47124725580215454, 0.607791006565094","0.438023179769516, 0.7704121470451355","0.4835323393344879, 0.7675060033798218","0.43746814131736755, 0.4255448281764984","0.48021236062049866, 0.43190208077430725","0.4256358742713928, 0.9183101654052734","0.5023027658462524, 0.9058659672737122","0.5262540578842163, 0.3187827467918396",-11.833081822794767,Leading Side
