Time,Left Shoulder Angle,Right Shoulder Angle,Left Elbow Angle,Right Elbow Angle,Left Hip Angle,Right Hip Angle,Left Knee Angle,Right Knee Angle,"x, y Left Shoulder","x, y Right Shoulder","x, y Left Elbow","x, y Right Elbow","x, y Left Hip","x, y Right Hip","x, y Left Knee","x, y Right Knee","x, y Left Wrist","x, y Right Wrist","x, y Left Ankle","x, y Right Ankle","x, y Nose",Left Wrist x,Left Wrist y,Right Wrist x,Right Wrist y,Left Ankle x,Left Ankle y,Right Ankle x,Right Ankle y,Left Shoulder x,Left Shoulder y,Right Shoulder x,Right Shoulder y,Left Elbow x,Left Elbow y,Right Elbow x,Right Elbow y,Left Hip x,Left Hip y,Right Hip x,Right Hip y,Left Knee x,Left Knee y,Right Knee x,Right Knee y,Predicted_Pose
0.0,32.4863542869858,1.2262159010852958,211.73213753451105,174.69469028828468,169.48392957401592,211.0417435416184,176.41522476992728,165.17590767963782,"0.524, 0.339","0.423, 0.363","0.553, 0.406","0.439, 0.450","0.500, 0.492","0.450, 0.490","0.504, 0.610","0.414, 0.593","0.541, 0.489","0.462, 0.531","0.517, 0.743","0.403, 0.740","0.475, 0.337",0.541,0.489,0.462,0.531,0.517,0.743,0.403,0.74,0.524,0.339,0.423,0.363,0.553,0.406,0.439,0.45,0.5,0.492,0.45,0.49,0.504,0.61,0.414,0.593,Preparation
0.0333667000333667,31.95479334903853,0.918048470278009,210.67341955228085,174.82512851223956,169.40501947498998,209.07451058082563,176.5915769817202,166.59400626430426,"0.524, 0.339","0.423, 0.361","0.553, 0.407","0.439, 0.449","0.500, 0.491","0.448, 0.489","0.504, 0.606","0.414, 0.596","0.542, 0.490","0.462, 0.531","0.516, 0.743","0.403, 0.740","0.475, 0.337",0.542,0.49,0.462,0.531,0.516,0.743,0.403,0.74,0.524,0.339,0.423,0.361,0.553,0.407,0.439,0.449,0.5,0.491,0.448,0.489,0.504,0.606,0.414,0.596,Preparation
0.0667334000667334,31.88274847320417,0.4260210563287206,209.86281557978555,174.64426380290126,169.39736152511443,207.6657746601144,176.60605446459735,167.95294519412738,"0.524, 0.339","0.423, 0.359","0.553, 0.408","0.439, 0.449","0.500, 0.490","0.447, 0.487","0.504, 0.606","0.413, 0.596","0.543, 0.490","0.462, 0.531","0.516, 0.743","0.401, 0.740","0.476, 0.334",0.543,0.49,0.462,0.531,0.516,0.743,0.401,0.74,0.524,0.339,0.423,0.359,0.553,0.408,0.439,0.449,0.5,0.49,0.447,0.487,0.504,0.606,0.413,0.596,Preparation
0.1001001001001001,32.327297734008546,0.4776867290424118,210.07801309259253,174.95588051676785,168.91267115315983,205.36341939242013,176.91684799558917,171.42226180629018,"0.524, 0.339","0.423, 0.356","0.554, 0.409","0.439, 0.447","0.500, 0.490","0.445, 0.487","0.504, 0.607","0.411, 0.605","0.544, 0.490","0.461, 0.531","0.516, 0.744","0.392, 0.741","0.476, 0.333",0.544,0.49,0.461,0.531,0.516,0.744,0.392,0.741,0.524,0.339,0.423,0.356,0.554,0.409,0.439,0.447,0.5,0.49,0.445,0.487,0.504,0.607,0.411,0.605,Preparation
0.1334668001334668,32.46761251819138,1.1537645286417135,210.7186284735905,175.2470606067682,167.84793015842945,204.99055928287785,177.47629461820873,172.1882568864935,"0.524, 0.339","0.424, 0.353","0.554, 0.410","0.439, 0.444","0.499, 0.488","0.443, 0.487","0.504, 0.607","0.405, 0.613","0.543, 0.490","0.460, 0.529","0.516, 0.744","0.385, 0.743","0.476, 0.328",0.543,0.49,0.46,0.529,0.516,0.744,0.385,0.743,0.524,0.339,0.424,0.353,0.554,0.41,0.439,0.444,0.499,0.488,0.443,0.487,0.504,0.607,0.405,0.613,Preparation
0.1668335001668335,31.66676521851988,1.060278711386399,209.80715574284787,174.7685170672529,167.99731600418016,205.2999174923484,177.36980202418957,173.24185032518838,"0.524, 0.339","0.424, 0.353","0.553, 0.412","0.439, 0.445","0.499, 0.490","0.443, 0.487","0.504, 0.608","0.404, 0.615","0.543, 0.493","0.460, 0.528","0.516, 0.744","0.380, 0.743","0.475, 0.328",0.543,0.493,0.46,0.528,0.516,0.744,0.38,0.743,0.524,0.339,0.424,0.353,0.553,0.412,0.439,0.445,0.499,0.49,0.443,0.487,0.504,0.608,0.404,0.615,Preparation
0.2002002002002002,31.07799062874624,0.9778193872038105,209.171181765922,174.45413235314524,168.1272182106109,205.3735374542352,177.31307201855324,173.41499390989466,"0.524, 0.340","0.425, 0.353","0.553, 0.413","0.439, 0.445","0.499, 0.491","0.443, 0.487","0.504, 0.609","0.403, 0.614","0.542, 0.494","0.460, 0.528","0.516, 0.745","0.378, 0.743","0.475, 0.328",0.542,0.494,0.46,0.528,0.516,0.745,0.378,0.743,0.524,0.34,0.425,0.353,0.553,0.413,0.439,0.445,0.499,0.491,0.443,0.487,0.504,0.609,0.403,0.614,Preparation
0.2335669002335669,30.271470054198264,0.8362228434523736,206.6302100391456,174.00380061645183,168.45886748990378,205.3409705892802,177.3373935919163,175.51676634931866,"0.523, 0.341","0.425, 0.356","0.552, 0.415","0.439, 0.447","0.499, 0.491","0.443, 0.489","0.504, 0.610","0.404, 0.616","0.544, 0.495","0.460, 0.528","0.516, 0.745","0.375, 0.743","0.474, 0.334",0.544,0.495,0.46,0.528,0.516,0.745,0.375,0.743,0.523,0.341,0.425,0.356,0.552,0.415,0.439,0.447,0.499,0.491,0.443,0.489,0.504,0.61,0.404,0.616,Preparation
0.2669336002669336,26.40241596878699,0.0725400442663758,204.7389325235651,173.31429602678585,169.4624081610732,206.0694937941574,177.2851420123109,179.92944271247205,"0.520, 0.341","0.423, 0.356","0.545, 0.416","0.437, 0.447","0.499, 0.494","0.444, 0.491","0.504, 0.613","0.404, 0.621","0.536, 0.497","0.460, 0.528","0.516, 0.745","0.366, 0.744","0.473, 0.335",0.536,0.497,0.46,0.528,0.516,0.745,0.366,0.744,0.52,0.341,0.423,0.356,0.545,0.416,0.437,0.447,0.499,0.494,0.444,0.491,0.504,0.613,0.404,0.621,Preparation
0.3003003003003003,23.489000992514587,0.1253262614489827,199.86015144424016,174.43048482043156,170.06252189495308,207.3064989215627,177.02251859479722,181.88863316811413,"0.519, 0.341","0.421, 0.357","0.543, 0.424","0.436, 0.448","0.499, 0.497","0.444, 0.494","0.504, 0.615","0.404, 0.622","0.537, 0.510","0.459, 0.530","0.517, 0.745","0.361, 0.744","0.470, 0.335",0.537,0.51,0.459,0.53,0.517,0.745,0.361,0.744,0.519,0.341,0.421,0.357,0.543,0.424,0.436,0.448,0.499,0.497,0.444,0.494,0.504,0.615,0.404,0.622,Preparation
0.333667000333667,11.90641540162011,0.5293637318860435,187.4108756928998,174.45447940779752,169.60702645465614,205.62127675396312,177.4901969027202,183.27272050878327,"0.517, 0.344","0.419, 0.355","0.525, 0.436","0.435, 0.447","0.498, 0.497","0.441, 0.494","0.504, 0.615","0.402, 0.623","0.521, 0.517","0.457, 0.529","0.517, 0.745","0.357, 0.747","0.469, 0.330",0.521,0.517,0.457,0.529,0.517,0.745,0.357,0.747,0.517,0.344,0.419,0.355,0.525,0.436,0.435,0.447,0.498,0.497,0.441,0.494,0.504,0.615,0.402,0.623,Preparation
0.3670337003670337,15.992107518977186,1.7901546286418886,186.70521890336803,173.04355267586928,164.16088115779948,206.2464226468544,180.8395010584855,178.9096417569785,"0.513, 0.348","0.416, 0.355","0.525, 0.439","0.431, 0.447","0.490, 0.497","0.435, 0.494","0.504, 0.616","0.391, 0.624","0.525, 0.519","0.455, 0.528","0.518, 0.745","0.352, 0.749","0.465, 0.319",0.525,0.519,0.455,0.528,0.518,0.745,0.352,0.749,0.513,0.348,0.416,0.355,0.525,0.439,0.431,0.447,0.49,0.497,0.435,0.494,0.504,0.616,0.391,0.624,Preparation
0.4004004004004004,11.5432603686135,0.1406264057333849,184.7303505751169,170.74187010570327,160.99271794646793,201.83408576924543,182.4230887588032,182.54636755867085,"0.509, 0.350","0.413, 0.350","0.512, 0.443","0.424, 0.440","0.483, 0.500","0.430, 0.496","0.503, 0.619","0.394, 0.627","0.508, 0.520","0.447, 0.523","0.518, 0.746","0.353, 0.752","0.461, 0.296",0.508,0.52,0.447,0.523,0.518,0.746,0.353,0.752,0.509,0.35,0.413,0.35,0.512,0.443,0.424,0.44,0.483,0.5,0.43,0.496,0.503,0.619,0.394,0.627,Preparation
0.4337671004337671,6.87016013329575,0.2527786084227214,177.41779628266534,171.6188406501603,159.9640095168603,201.40521587255205,183.7562012348461,179.70561528268354,"0.503, 0.349","0.407, 0.349","0.500, 0.439","0.417, 0.435","0.479, 0.501","0.424, 0.496","0.502, 0.619","0.390, 0.625","0.501, 0.519","0.441, 0.521","0.519, 0.746","0.356, 0.754","0.453, 0.300",0.501,0.519,0.441,0.521,0.519,0.746,0.356,0.754,0.503,0.349,0.407,0.349,0.5,0.439,0.417,0.435,0.479,0.501,0.424,0.496,0.502,0.619,0.39,0.625,Preparation
0.4671338004671338,4.474253886116579,2.9324467294987246,181.3309555731005,177.51879067483185,162.05036606237857,204.70400288713287,182.2237309923992,180.44206702072665,"0.494, 0.349","0.393, 0.344","0.491, 0.437","0.413, 0.434","0.476, 0.505","0.421, 0.505","0.500, 0.623","0.388, 0.633","0.486, 0.519","0.438, 0.521","0.520, 0.746","0.355, 0.755","0.431, 0.304",0.486,0.519,0.438,0.521,0.52,0.746,0.355,0.755,0.494,0.349,0.393,0.344,0.491,0.437,0.413,0.434,0.476,0.505,0.421,0.505,0.5,0.623,0.388,0.633,Preparation
0.5005005005005005,4.160383495731083,2.6258239503828795,179.2102141794182,174.26016005138018,159.5034996065126,202.749682004108,183.51043527611347,180.2650649944368,"0.491, 0.351","0.394, 0.346","0.486, 0.441","0.411, 0.435","0.471, 0.505","0.417, 0.505","0.499, 0.624","0.384, 0.634","0.483, 0.521","0.437, 0.522","0.520, 0.746","0.353, 0.755","0.433, 0.317",0.483,0.521,0.437,0.522,0.52,0.746,0.353,0.755,0.491,0.351,0.394,0.346,0.486,0.441,0.411,0.435,0.471,0.505,0.417,0.505,0.499,0.624,0.384,0.634,Preparation
0.5338672005338673,4.415448497158757,2.9167188304564746,180.2233400314924,173.9118226587556,161.26367945030438,202.09434612558417,182.30306779288568,179.91457027858007,"0.489, 0.354","0.395, 0.351","0.486, 0.444","0.411, 0.435","0.472, 0.506","0.416, 0.506","0.499, 0.625","0.383, 0.633","0.483, 0.523","0.437, 0.522","0.520, 0.747","0.352, 0.755","0.436, 0.326",0.483,0.523,0.437,0.522,0.52,0.747,0.352,0.755,0.489,0.354,0.395,0.351,0.486,0.444,0.411,0.435,0.472,0.506,0.416,0.506,0.499,0.625,0.383,0.633,Preparation
0.5672339005672339,4.8922849556876375,6.393533504745692,177.84860813900312,180.53421037674883,160.8845081234129,204.3793974468683,182.75129160817164,180.9656743511888,"0.486, 0.354","0.383, 0.358","0.484, 0.442","0.409, 0.441","0.470, 0.497","0.411, 0.501","0.498, 0.623","0.381, 0.631","0.485, 0.523","0.435, 0.523","0.520, 0.746","0.351, 0.755","0.431, 0.332",0.485,0.523,0.435,0.523,0.52,0.746,0.351,0.755,0.486,0.354,0.383,0.358,0.484,0.442,0.409,0.441,0.47,0.497,0.411,0.501,0.498,0.623,0.381,0.631,Preparation
0.6006006006006006,7.158480844745383,8.067893939298859,180.4467504629329,179.09024604224962,158.28542754240885,201.7349940430482,184.2491868905056,180.9533120017964,"0.480, 0.353","0.380, 0.358","0.480, 0.441","0.407, 0.441","0.463, 0.498","0.405, 0.502","0.496, 0.622","0.379, 0.631","0.481, 0.523","0.435, 0.523","0.520, 0.746","0.351, 0.755","0.429, 0.331",0.481,0.523,0.435,0.523,0.52,0.746,0.351,0.755,0.48,0.353,0.38,0.358,0.48,0.441,0.407,0.441,0.463,0.498,0.405,0.502,0.496,0.622,0.379,0.631,Preparation
0.6339673006339673,7.854057893832001,7.443153992671695,183.27106106909577,177.11075955334107,159.46335874827273,201.4620384891145,183.85341969372035,181.49755172721,"0.477, 0.353","0.379, 0.362","0.480, 0.442","0.405, 0.444","0.462, 0.498","0.404, 0.502","0.495, 0.622","0.378, 0.631","0.479, 0.523","0.435, 0.523","0.520, 0.746","0.350, 0.755","0.424, 0.333",0.479,0.523,0.435,0.523,0.52,0.746,0.35,0.755,0.477,0.353,0.379,0.362,0.48,0.442,0.405,0.444,0.462,0.498,0.404,0.502,0.495,0.622,0.378,0.631,Preparation
0.6673340006673341,9.067261317813484,6.442495613976731,186.0294886033493,175.25207240517585,159.66419992814951,201.3874705344388,183.25755891760585,180.8777930247724,"0.475, 0.355","0.379, 0.365","0.481, 0.443","0.403, 0.447","0.461, 0.498","0.403, 0.502","0.493, 0.619","0.377, 0.630","0.477, 0.523","0.433, 0.523","0.519, 0.746","0.350, 0.754","0.425, 0.337",0.477,0.523,0.433,0.523,0.519,0.746,0.35,0.754,0.475,0.355,0.379,0.365,0.481,0.443,0.403,0.447,0.461,0.498,0.403,0.502,0.493,0.619,0.377,0.63,Preparation
0.7007007007007008,9.008877660609006,5.728600866143674,185.8341291695168,173.31459108847807,158.5943751848309,200.3255073539553,184.1411264506672,181.06401752448664,"0.475, 0.355","0.380, 0.366","0.480, 0.444","0.403, 0.451","0.460, 0.498","0.402, 0.502","0.493, 0.617","0.377, 0.630","0.476, 0.523","0.431, 0.523","0.519, 0.746","0.350, 0.754","0.425, 0.336",0.476,0.523,0.431,0.523,0.519,0.746,0.35,0.754,0.475,0.355,0.38,0.366,0.48,0.444,0.403,0.451,0.46,0.498,0.402,0.502,0.493,0.617,0.377,0.63,Preparation
0.7340674007340674,8.395853313297462,5.653112929253726,183.68686093774332,173.50136592476406,158.1140744519286,199.91051568541008,184.54077921482792,181.68388915005107,"0.475, 0.355","0.381, 0.367","0.479, 0.444","0.403, 0.452","0.460, 0.498","0.402, 0.502","0.493, 0.617","0.378, 0.630","0.477, 0.523","0.431, 0.525","0.519, 0.745","0.350, 0.754","0.426, 0.335",0.477,0.523,0.431,0.525,0.519,0.745,0.35,0.754,0.475,0.355,0.381,0.367,0.479,0.444,0.403,0.452,0.46,0.498,0.402,0.502,0.493,0.617,0.378,0.63,Preparation
0.7674341007674341,7.174746943889714,4.917631522076902,182.31633713715144,173.55724181916077,159.19655283426832,200.558049802783,183.6530105909985,181.9601987313106,"0.476, 0.355","0.380, 0.367","0.478, 0.444","0.402, 0.450","0.461, 0.497","0.403, 0.500","0.493, 0.618","0.378, 0.629","0.477, 0.523","0.430, 0.523","0.519, 0.745","0.349, 0.755","0.421, 0.335",0.477,0.523,0.43,0.523,0.519,0.745,0.349,0.755,0.476,0.355,0.38,0.367,0.478,0.444,0.402,0.45,0.461,0.497,0.403,0.5,0.493,0.618,0.378,0.629,Preparation
0.8008008008008008,7.015531901319157,4.120402615989243,181.5291383513878,171.89699801877333,159.50887689483753,200.0600974562687,183.6209033700976,182.1489085965848,"0.476, 0.355","0.381, 0.361","0.478, 0.444","0.401, 0.447","0.462, 0.499","0.403, 0.501","0.494, 0.618","0.379, 0.629","0.478, 0.523","0.431, 0.522","0.519, 0.746","0.350, 0.755","0.422, 0.335",0.478,0.523,0.431,0.522,0.519,0.746,0.35,0.755,0.476,0.355,0.381,0.361,0.478,0.444,0.401,0.447,0.462,0.499,0.403,0.501,0.494,0.618,0.379,0.629,Preparation
0.8341675008341676,7.533372486654779,4.578728062269399,182.2001164508701,173.57983093187246,159.38667334809475,200.23042571476023,183.3799011820752,182.18457669130305,"0.477, 0.355","0.381, 0.360","0.480, 0.443","0.402, 0.445","0.462, 0.499","0.404, 0.501","0.494, 0.618","0.379, 0.629","0.479, 0.523","0.431, 0.524","0.519, 0.746","0.349, 0.755","0.423, 0.326",0.479,0.523,0.431,0.524,0.519,0.746,0.349,0.755,0.477,0.355,0.381,0.36,0.48,0.443,0.402,0.445,0.462,0.499,0.404,0.501,0.494,0.618,0.379,0.629,Preparation
0.8675342008675342,5.936635917372235,2.234763386646934,179.55948236536045,170.5533327446705,157.84207591005563,201.9849156611847,184.75802258292885,180.71298523482372,"0.481, 0.351","0.386, 0.360","0.480, 0.439","0.403, 0.445","0.464, 0.499","0.408, 0.501","0.496, 0.618","0.379, 0.629","0.479, 0.521","0.433, 0.525","0.521, 0.747","0.349, 0.755","0.424, 0.319",0.479,0.521,0.433,0.525,0.521,0.747,0.349,0.755,0.481,0.351,0.386,0.36,0.48,0.439,0.403,0.445,0.464,0.499,0.408,0.501,0.496,0.618,0.379,0.629,Preparation
0.9009009009009008,5.073411912866792,1.121874932193809,179.02152233858928,169.6552401401886,157.89680510482208,203.0020585119368,184.9782068321772,180.13448532373118,"0.483, 0.349","0.388, 0.359","0.480, 0.436","0.403, 0.444","0.465, 0.500","0.411, 0.502","0.498, 0.618","0.380, 0.629","0.479, 0.519","0.434, 0.525","0.522, 0.748","0.349, 0.755","0.425, 0.316",0.479,0.519,0.434,0.525,0.522,0.748,0.349,0.755,0.483,0.349,0.388,0.359,0.48,0.436,0.403,0.444,0.465,0.5,0.411,0.502,0.498,0.618,0.38,0.629,Preparation
0.9342676009342676,6.646874532149086,0.1195717443162955,182.8211360126115,168.75046628482778,158.81778536167317,203.67009387201543,184.291344132708,179.71927222230192,"0.486, 0.349","0.389, 0.359","0.486, 0.436","0.403, 0.443","0.468, 0.501","0.413, 0.503","0.499, 0.619","0.380, 0.630","0.482, 0.519","0.434, 0.524","0.522, 0.748","0.349, 0.755","0.426, 0.317",0.482,0.519,0.434,0.524,0.522,0.748,0.349,0.755,0.486,0.349,0.389,0.359,0.486,0.436,0.403,0.443,0.468,0.501,0.413,0.503,0.499,0.619,0.38,0.63,Preparation
0.9676343009676344,3.9605906691356014,0.0640748762226104,179.85969580027782,172.318223986146,160.62850160265154,207.12584058948443,182.55993414019213,179.2058367167549,"0.491, 0.348","0.391, 0.359","0.487, 0.436","0.407, 0.442","0.473, 0.503","0.420, 0.504","0.499, 0.622","0.383, 0.632","0.483, 0.519","0.435, 0.524","0.522, 0.749","0.350, 0.755","0.433, 0.319",0.483,0.519,0.435,0.524,0.522,0.749,0.35,0.755,0.491,0.348,0.391,0.359,0.487,0.436,0.407,0.442,0.473,0.503,0.42,0.504,0.499,0.622,0.383,0.632,Preparation
1.001001001001001,3.8101442383239257,1.2260448227164646,179.2254756735935,174.01268166449512,160.39984565033328,206.15688510475388,182.18626773543383,179.97467870014447,"0.493, 0.348","0.391, 0.359","0.488, 0.436","0.409, 0.441","0.474, 0.503","0.419, 0.503","0.500, 0.622","0.384, 0.632","0.484, 0.518","0.435, 0.522","0.522, 0.749","0.350, 0.755","0.435, 0.325",0.484,0.518,0.435,0.522,0.522,0.749,0.35,0.755,0.493,0.348,0.391,0.359,0.488,0.436,0.409,0.441,0.474,0.503,0.419,0.503,0.5,0.622,0.384,0.632,Preparation
1.0343677010343677,3.710312831915728,1.4853871536688814,179.0044137435717,174.01544319786163,159.96175304028233,205.73594491752897,182.8685687782419,179.85779059285886,"0.494, 0.348","0.391, 0.354","0.489, 0.436","0.409, 0.437","0.474, 0.503","0.419, 0.502","0.501, 0.625","0.384, 0.632","0.485, 0.518","0.436, 0.519","0.523, 0.749","0.351, 0.755","0.436, 0.333",0.485,0.518,0.436,0.519,0.523,0.749,0.351,0.755,0.494,0.348,0.391,0.354,0.489,0.436,0.409,0.437,0.474,0.503,0.419,0.502,0.501,0.625,0.384,0.632,Preparation
1.0677344010677343,3.680012845310314,1.801985906760709,178.77333642172923,174.098026294937,159.70292155637867,205.2809356985261,183.4816442617796,179.84860530142424,"0.495, 0.348","0.391, 0.352","0.489, 0.436","0.409, 0.436","0.475, 0.503","0.418, 0.502","0.503, 0.626","0.384, 0.632","0.485, 0.518","0.436, 0.518","0.523, 0.749","0.351, 0.755","0.437, 0.337",0.485,0.518,0.436,0.518,0.523,0.749,0.351,0.755,0.495,0.348,0.391,0.352,0.489,0.436,0.409,0.436,0.475,0.503,0.418,0.502,0.503,0.626,0.384,0.632,Preparation
1.1011011011011012,3.7848980135245553,2.2257567247463936,178.9680421156389,174.51009187687453,159.52748887275968,205.0078674782642,183.67844413110507,179.7639631379294,"0.496, 0.348","0.391, 0.351","0.490, 0.436","0.409, 0.435","0.475, 0.502","0.418, 0.501","0.503, 0.627","0.383, 0.632","0.486, 0.518","0.436, 0.518","0.523, 0.749","0.351, 0.755","0.438, 0.340",0.486,0.518,0.436,0.518,0.523,0.749,0.351,0.755,0.496,0.348,0.391,0.351,0.49,0.436,0.409,0.435,0.475,0.502,0.418,0.501,0.503,0.627,0.383,0.632,Preparation
1.1344678011344678,4.399023636539342,2.3087048790893085,179.80589105561867,174.9346932616181,159.06702825727,204.7140347790969,184.32940513619283,179.66279947143764,"0.495, 0.348","0.391, 0.351","0.490, 0.436","0.410, 0.435","0.475, 0.500","0.418, 0.498","0.503, 0.620","0.383, 0.632","0.486, 0.518","0.436, 0.518","0.523, 0.748","0.352, 0.755","0.439, 0.340",0.486,0.518,0.436,0.518,0.523,0.748,0.352,0.755,0.495,0.348,0.391,0.351,0.49,0.436,0.41,0.435,0.475,0.5,0.418,0.498,0.503,0.62,0.383,0.632,Preparation
1.1678345011678346,5.643836504383413,3.491115081639692,181.4541354365824,174.73498986864982,158.41930458991305,201.3938274309516,185.15739512926208,181.23611900663292,"0.493, 0.349","0.391, 0.351","0.490, 0.436","0.409, 0.435","0.473, 0.499","0.413, 0.498","0.502, 0.616","0.383, 0.631","0.485, 0.518","0.435, 0.518","0.523, 0.748","0.352, 0.755","0.439, 0.339",0.485,0.518,0.435,0.518,0.523,0.748,0.352,0.755,0.493,0.349,0.391,0.351,0.49,0.436,0.409,0.435,0.473,0.499,0.413,0.498,0.502,0.616,0.383,0.631,Preparation
1.2012012012012012,6.681015947869515,3.851949464983977,183.5155441812254,175.60411200056112,159.69398829389834,201.7071411611225,184.80726801062605,180.9582079953638,"0.490, 0.352","0.390, 0.354","0.490, 0.437","0.408, 0.435","0.473, 0.499","0.413, 0.499","0.502, 0.616","0.383, 0.631","0.485, 0.518","0.434, 0.518","0.523, 0.748","0.352, 0.755","0.437, 0.336",0.485,0.518,0.434,0.518,0.523,0.748,0.352,0.755,0.49,0.352,0.39,0.354,0.49,0.437,0.408,0.435,0.473,0.499,0.413,0.499,0.502,0.616,0.383,0.631,Preparation
1.234567901234568,7.336962162248096,3.8892195925074433,184.53821508804384,175.19482645156944,160.3147652895512,201.4652797514744,184.4175184112616,181.22284636738428,"0.488, 0.353","0.389, 0.354","0.490, 0.437","0.407, 0.435","0.473, 0.499","0.412, 0.499","0.502, 0.616","0.382, 0.631","0.486, 0.518","0.433, 0.517","0.524, 0.748","0.352, 0.754","0.437, 0.334",0.486,0.518,0.433,0.517,0.524,0.748,0.352,0.754,0.488,0.353,0.389,0.354,0.49,0.437,0.407,0.435,0.473,0.499,0.412,0.499,0.502,0.616,0.382,0.631,Preparation
1.267934601267935,8.276028676690375,4.886881951297426,185.09909087133045,175.3748338885648,159.62944223250764,199.61818043382297,184.8048752207748,182.3384418116233,"0.487, 0.353","0.388, 0.355","0.490, 0.437","0.407, 0.436","0.471, 0.499","0.409, 0.499","0.502, 0.617","0.382, 0.631","0.486, 0.520","0.433, 0.517","0.524, 0.747","0.352, 0.754","0.435, 0.335",0.486,0.52,0.433,0.517,0.524,0.747,0.352,0.754,0.487,0.353,0.388,0.355,0.49,0.437,0.407,0.436,0.471,0.499,0.409,0.499,0.502,0.617,0.382,0.631,Preparation
1.3013013013013013,9.302477515003496,5.666869434745836,186.8677873458612,177.49264398148105,159.58781401671146,201.36131767114767,185.52066651345964,182.6830851098784,"0.484, 0.353","0.382, 0.354","0.490, 0.438","0.406, 0.436","0.470, 0.499","0.408, 0.499","0.502, 0.617","0.382, 0.632","0.486, 0.521","0.432, 0.517","0.524, 0.747","0.352, 0.754","0.431, 0.335",0.486,0.521,0.432,0.517,0.524,0.747,0.352,0.754,0.484,0.353,0.382,0.354,0.49,0.438,0.406,0.436,0.47,0.499,0.408,0.499,0.502,0.617,0.382,0.632,Preparation
1.334668001334668,9.118256961630523,5.760093469073863,186.16136026457417,177.24558206032825,159.2894520465043,201.1455504911333,185.6908101065844,182.0426150364974,"0.483, 0.353","0.381, 0.352","0.489, 0.440","0.405, 0.437","0.469, 0.501","0.407, 0.502","0.502, 0.617","0.381, 0.632","0.486, 0.523","0.432, 0.520","0.524, 0.746","0.352, 0.754","0.428, 0.335",0.486,0.523,0.432,0.52,0.524,0.746,0.352,0.754,0.483,0.353,0.381,0.352,0.489,0.44,0.405,0.437,0.469,0.501,0.407,0.502,0.502,0.617,0.381,0.632,Preparation
1.3680347013680347,8.425777491892289,5.484205627726143,184.80742098041665,177.59296346563107,159.5412652966163,201.21803355156229,185.7981048768024,181.80960515330435,"0.482, 0.352","0.382, 0.352","0.488, 0.440","0.405, 0.438","0.469, 0.501","0.407, 0.502","0.501, 0.617","0.381, 0.632","0.486, 0.524","0.432, 0.523","0.524, 0.746","0.352, 0.754","0.427, 0.326",0.486,0.524,0.432,0.523,0.524,0.746,0.352,0.754,0.482,0.352,0.382,0.352,0.488,0.44,0.405,0.438,0.469,0.501,0.407,0.502,0.501,0.617,0.381,0.632,Preparation
1.4014014014014016,8.02667419877201,4.991413684292978,184.04585410945583,176.98870225361688,159.75898428114596,201.2102223300957,185.804521776011,181.7275036837428,"0.482, 0.351","0.382, 0.352","0.487, 0.440","0.405, 0.441","0.469, 0.501","0.407, 0.502","0.501, 0.617","0.381, 0.632","0.486, 0.524","0.432, 0.526","0.523, 0.746","0.352, 0.754","0.425, 0.323",0.486,0.524,0.432,0.526,0.523,0.746,0.352,0.754,0.482,0.351,0.382,0.352,0.487,0.44,0.405,0.441,0.469,0.501,0.407,0.502,0.501,0.617,0.381,0.632,Preparation
1.4347681014347682,7.941589736493123,4.774939872810496,184.8072727646272,176.9077310539901,159.91493905514986,201.2883742432424,185.85796568536887,181.8076099846546,"0.482, 0.351","0.382, 0.352","0.487, 0.440","0.405, 0.442","0.469, 0.501","0.407, 0.502","0.501, 0.618","0.381, 0.632","0.484, 0.524","0.432, 0.527","0.523, 0.746","0.351, 0.754","0.425, 0.322",0.484,0.524,0.432,0.527,0.523,0.746,0.351,0.754,0.482,0.351,0.382,0.352,0.487,0.44,0.405,0.442,0.469,0.501,0.407,0.502,0.501,0.618,0.381,0.632,Preparation
1.4681348014681348,7.7999827980250656,5.094096494476079,184.6710654835276,177.93035546983197,160.134137044488,201.8633155331011,185.58790875608423,181.8159298399346,"0.482, 0.351","0.382, 0.356","0.486, 0.440","0.405, 0.442","0.469, 0.500","0.408, 0.502","0.501, 0.618","0.381, 0.630","0.484, 0.524","0.432, 0.527","0.523, 0.746","0.350, 0.754","0.426, 0.333",0.484,0.524,0.432,0.527,0.523,0.746,0.35,0.754,0.482,0.351,0.382,0.356,0.486,0.44,0.405,0.442,0.469,0.5,0.408,0.502,0.501,0.618,0.381,0.63,Preparation
1.5015015015015016,7.752370849185858,5.204428935687977,184.6964165925368,178.43378035668923,160.38146643700955,202.5509910296554,184.95621931092745,181.33996009955416,"0.482, 0.351","0.381, 0.356","0.486, 0.441","0.405, 0.442","0.469, 0.500","0.408, 0.502","0.501, 0.619","0.380, 0.630","0.484, 0.526","0.431, 0.527","0.523, 0.746","0.350, 0.754","0.428, 0.333",0.484,0.526,0.431,0.527,0.523,0.746,0.35,0.754,0.482,0.351,0.381,0.356,0.486,0.441,0.405,0.442,0.469,0.5,0.408,0.502,0.501,0.619,0.38,0.63,Preparation
1.5348682015348682,6.4084423247706175,6.513224993636709,185.1770324268509,182.4288322552497,159.0657101392829,203.618137355736,185.7404399580562,180.88612776315543,"0.485, 0.351","0.381, 0.358","0.486, 0.441","0.408, 0.442","0.470, 0.500","0.409, 0.503","0.502, 0.620","0.380, 0.631","0.479, 0.526","0.431, 0.527","0.523, 0.748","0.350, 0.755","0.431, 0.332",0.479,0.526,0.431,0.527,0.523,0.748,0.35,0.755,0.485,0.351,0.381,0.358,0.486,0.441,0.408,0.442,0.47,0.5,0.409,0.503,0.502,0.62,0.38,0.631,Preparation
1.5682349015682349,5.6925020282902175,6.879676239660325,184.71295124727,184.2375445282023,158.4032685593764,204.2279670216569,186.0854158200553,180.5760097480036,"0.487, 0.351","0.381, 0.358","0.486, 0.440","0.409, 0.442","0.470, 0.500","0.410, 0.503","0.503, 0.620","0.381, 0.632","0.478, 0.526","0.430, 0.527","0.523, 0.748","0.351, 0.756","0.433, 0.332",0.478,0.526,0.43,0.527,0.523,0.748,0.351,0.756,0.487,0.351,0.381,0.358,0.486,0.44,0.409,0.442,0.47,0.5,0.41,0.503,0.503,0.62,0.381,0.632,Preparation
1.6016016016016017,0.2969937095141813,10.644997759078397,178.6047174810228,185.4254754984608,157.5827788133094,202.7880825987989,186.5036886188076,179.84026686971123,"0.487, 0.350","0.388, 0.353","0.476, 0.440","0.419, 0.441","0.469, 0.502","0.412, 0.506","0.502, 0.621","0.381, 0.633","0.469, 0.527","0.442, 0.531","0.523, 0.750","0.351, 0.757","0.433, 0.321",0.469,0.527,0.442,0.531,0.523,0.75,0.351,0.757,0.487,0.35,0.388,0.353,0.476,0.44,0.419,0.441,0.469,0.502,0.412,0.506,0.502,0.621,0.381,0.633,Preparation
1.6349683016349683,0.3956858391645312,11.719407651123795,179.40894156513764,185.17840640330803,157.5476573611765,202.09471095421168,186.08428148631023,180.03434252931874,"0.488, 0.349","0.390, 0.351","0.477, 0.441","0.423, 0.441","0.469, 0.503","0.413, 0.506","0.502, 0.624","0.381, 0.635","0.468, 0.528","0.447, 0.531","0.523, 0.750","0.351, 0.757","0.433, 0.317",0.468,0.528,0.447,0.531,0.523,0.75,0.351,0.757,0.488,0.349,0.39,0.351,0.477,0.441,0.423,0.441,0.469,0.503,0.413,0.506,0.502,0.624,0.381,0.635,Preparation
1.6683350016683351,2.350000250121295,10.52912979107898,184.31254309411293,184.5310232190673,157.8467986408904,203.0359070910398,186.2758293345485,179.1068895996019,"0.491, 0.349","0.392, 0.352","0.483, 0.443","0.423, 0.443","0.471, 0.503","0.415, 0.507","0.504, 0.624","0.382, 0.635","0.469, 0.529","0.446, 0.532","0.523, 0.750","0.352, 0.757","0.433, 0.318",0.469,0.529,0.446,0.532,0.523,0.75,0.352,0.757,0.491,0.349,0.392,0.352,0.483,0.443,0.423,0.443,0.471,0.503,0.415,0.507,0.504,0.624,0.382,0.635,Preparation
1.7017017017017018,1.3906035339734863,8.349798360863321,183.3658227515182,184.75625959818936,158.57986489109985,206.62692152988976,186.0369661944021,177.67728494435462,"0.496, 0.349","0.392, 0.354","0.486, 0.443","0.422, 0.444","0.476, 0.503","0.420, 0.505","0.506, 0.624","0.382, 0.635","0.472, 0.529","0.445, 0.533","0.523, 0.750","0.352, 0.756","0.436, 0.323",0.472,0.529,0.445,0.533,0.523,0.75,0.352,0.756,0.496,0.349,0.392,0.354,0.486,0.443,0.422,0.444,0.476,0.503,0.42,0.505,0.506,0.624,0.382,0.635,Preparation
1.7350684017350684,1.6024610711676217,7.353047535181645,182.9367349823181,183.2276729716024,159.20706182138326,206.9345493620316,186.0364585161037,177.4651575444869,"0.498, 0.348","0.393, 0.354","0.488, 0.442","0.421, 0.443","0.477, 0.503","0.420, 0.504","0.506, 0.625","0.382, 0.634","0.475, 0.523","0.444, 0.530","0.522, 0.752","0.352, 0.756","0.436, 0.323",0.475,0.523,0.444,0.53,0.522,0.752,0.352,0.756,0.498,0.348,0.393,0.354,0.488,0.442,0.421,0.443,0.477,0.503,0.42,0.504,0.506,0.625,0.382,0.634,Preparation
1.7684351017684352,2.091360792842316,7.243390576086659,182.35080358836404,182.784565334868,159.8473174935337,206.71696758090124,186.0080389969447,177.5678469946712,"0.498, 0.348","0.393, 0.354","0.489, 0.440","0.421, 0.442","0.478, 0.503","0.420, 0.504","0.506, 0.626","0.382, 0.634","0.479, 0.519","0.443, 0.528","0.521, 0.753","0.352, 0.756","0.437, 0.323",0.479,0.519,0.443,0.528,0.521,0.753,0.352,0.756,0.498,0.348,0.393,0.354,0.489,0.44,0.421,0.442,0.478,0.503,0.42,0.504,0.506,0.626,0.382,0.634,Preparation
1.8018018018018016,1.730445718735969,6.967661196756071,181.4461155306537,181.6666587078832,160.63530996757845,206.8618723765344,185.35630440290743,177.11520716216802,"0.499, 0.346","0.394, 0.354","0.490, 0.436","0.420, 0.438","0.479, 0.502","0.421, 0.502","0.506, 0.626","0.382, 0.634","0.481, 0.515","0.443, 0.521","0.521, 0.753","0.353, 0.755","0.437, 0.321",0.481,0.515,0.443,0.521,0.521,0.753,0.353,0.755,0.499,0.346,0.394,0.354,0.49,0.436,0.42,0.438,0.479,0.502,0.421,0.502,0.506,0.626,0.382,0.634,Preparation
1.8351685018351689,2.273874627680328,7.131063461615994,184.0614861139335,182.8747320377809,161.8262501261537,206.5417510963343,185.56796143603205,175.9957834047804,"0.496, 0.344","0.395, 0.349","0.489, 0.435","0.420, 0.434","0.479, 0.502","0.421, 0.502","0.505, 0.625","0.381, 0.635","0.479, 0.511","0.441, 0.515","0.520, 0.754","0.354, 0.755","0.436, 0.317",0.479,0.511,0.441,0.515,0.52,0.754,0.354,0.755,0.496,0.344,0.395,0.349,0.489,0.435,0.42,0.434,0.479,0.502,0.421,0.502,0.505,0.625,0.381,0.635,Preparation
1.8685352018685355,4.269441662514049,5.969316780798633,188.28309818764296,182.8414715964544,162.7095084872631,203.408970229028,185.4735137191404,176.2946331801308,"0.491, 0.344","0.395, 0.349","0.490, 0.434","0.415, 0.428","0.477, 0.501","0.417, 0.501","0.504, 0.623","0.380, 0.635","0.478, 0.508","0.431, 0.509","0.520, 0.754","0.355, 0.755","0.436, 0.312",0.478,0.508,0.431,0.509,0.52,0.754,0.355,0.755,0.491,0.344,0.395,0.349,0.49,0.434,0.415,0.428,0.477,0.501,0.417,0.501,0.504,0.623,0.38,0.635,Preparation
1.901901901901902,5.7895595594029885,6.099230087603123,189.58752925596824,181.1369817690037,162.96388044311502,202.31783923821703,185.16917342042296,176.44534199934088,"0.488, 0.346","0.395, 0.353","0.490, 0.434","0.414, 0.434","0.475, 0.501","0.414, 0.501","0.503, 0.624","0.379, 0.635","0.479, 0.509","0.431, 0.510","0.520, 0.754","0.356, 0.755","0.436, 0.313",0.479,0.509,0.431,0.51,0.52,0.754,0.356,0.755,0.488,0.346,0.395,0.353,0.49,0.434,0.414,0.434,0.475,0.501,0.414,0.501,0.503,0.624,0.379,0.635,Preparation
1.9352686019352687,6.884171549944324,4.504099179640641,191.21373625695907,176.7668200609556,162.2652777718808,201.05547237436687,186.1595178844419,176.6684045271703,"0.484, 0.347","0.393, 0.353","0.488, 0.433","0.409, 0.432","0.473, 0.501","0.412, 0.501","0.503, 0.625","0.379, 0.635","0.477, 0.507","0.430, 0.512","0.519, 0.754","0.357, 0.755","0.436, 0.314",0.477,0.507,0.43,0.512,0.519,0.754,0.357,0.755,0.484,0.347,0.393,0.353,0.488,0.433,0.409,0.432,0.473,0.501,0.412,0.501,0.503,0.625,0.379,0.635,Preparation
1.968635301968636,6.615849271539405,4.190289243587517,189.4881157417256,175.8578572829963,161.77601072194636,200.45130657192448,186.3711214461864,177.1577137202949,"0.483, 0.345","0.390, 0.353","0.487, 0.430","0.406, 0.431","0.472, 0.500","0.410, 0.499","0.503, 0.625","0.379, 0.635","0.477, 0.505","0.428, 0.508","0.520, 0.752","0.358, 0.755","0.437, 0.312",0.477,0.505,0.428,0.508,0.52,0.752,0.358,0.755,0.483,0.345,0.39,0.353,0.487,0.43,0.406,0.431,0.472,0.5,0.41,0.499,0.503,0.625,0.379,0.635,Preparation
2.002002002002002,5.602173543856963,5.45183217395588,186.77394091266865,179.1309248780576,161.41466149155295,200.4139006748356,186.42239376357983,178.03090693225025,"0.484, 0.343","0.386, 0.352","0.485, 0.430","0.406, 0.431","0.471, 0.496","0.408, 0.495","0.503, 0.624","0.379, 0.633","0.477, 0.506","0.427, 0.510","0.519, 0.751","0.358, 0.755","0.436, 0.307",0.477,0.506,0.427,0.51,0.519,0.751,0.358,0.755,0.484,0.343,0.386,0.352,0.485,0.43,0.406,0.431,0.471,0.496,0.408,0.495,0.503,0.624,0.379,0.633,Preparation
2.035368702035369,8.250358787883304,4.724567346413539,192.53803675756816,175.97030922832252,161.26759876512645,198.4123406880988,187.7055345223492,179.2013220362924,"0.477, 0.342","0.386, 0.348","0.485, 0.428","0.404, 0.430","0.468, 0.497","0.406, 0.497","0.503, 0.624","0.379, 0.633","0.474, 0.503","0.427, 0.511","0.519, 0.750","0.358, 0.755","0.437, 0.304",0.474,0.503,0.427,0.511,0.519,0.75,0.358,0.755,0.477,0.342,0.386,0.348,0.485,0.428,0.404,0.43,0.468,0.497,0.406,0.497,0.503,0.624,0.379,0.633,Preparation
2.0687354020687354,9.029036696331206,4.985814801682441,193.85617931860008,173.69109940348497,162.16205761741224,198.6378055743733,187.4504863007365,179.32189044774373,"0.474, 0.342","0.386, 0.347","0.484, 0.428","0.405, 0.430","0.467, 0.498","0.406, 0.500","0.502, 0.624","0.380, 0.634","0.474, 0.504","0.432, 0.511","0.519, 0.749","0.358, 0.755","0.431, 0.303",0.474,0.504,0.432,0.511,0.519,0.749,0.358,0.755,0.474,0.342,0.386,0.347,0.484,0.428,0.405,0.43,0.467,0.498,0.406,0.5,0.502,0.624,0.38,0.634,Preparation
2.1021021021021022,9.21556483847658,5.169885272208331,193.708383849309,172.35181024195083,161.98717583123226,198.8794006361196,187.5672845341869,179.12517735266036,"0.473, 0.342","0.386, 0.346","0.484, 0.429","0.405, 0.430","0.467, 0.500","0.407, 0.502","0.502, 0.624","0.380, 0.635","0.475, 0.505","0.435, 0.510","0.519, 0.749","0.358, 0.756","0.428, 0.303",0.475,0.505,0.435,0.51,0.519,0.749,0.358,0.756,0.473,0.342,0.386,0.346,0.484,0.429,0.405,0.43,0.467,0.5,0.407,0.502,0.502,0.624,0.38,0.635,Preparation
2.135468802135469,9.28296854453492,4.750125303142262,192.36640930111105,171.50289599375628,163.01219685223356,199.8429321978842,186.77927194982905,178.98548943538472,"0.474, 0.342","0.386, 0.346","0.485, 0.428","0.405, 0.430","0.468, 0.496","0.408, 0.497","0.502, 0.623","0.380, 0.634","0.478, 0.499","0.437, 0.511","0.520, 0.748","0.358, 0.756","0.436, 0.297",0.478,0.499,0.437,0.511,0.52,0.748,0.358,0.756,0.474,0.342,0.386,0.346,0.485,0.428,0.405,0.43,0.468,0.496,0.408,0.497,0.502,0.623,0.38,0.634,Preparation
2.1688355021688355,8.283739044221358,7.367994152189191,189.20379303622056,173.9018857053848,160.37367659027998,201.30184833010165,187.8654697852443,178.21513328776166,"0.481, 0.342","0.387, 0.347","0.487, 0.428","0.412, 0.431","0.469, 0.495","0.411, 0.497","0.504, 0.623","0.381, 0.634","0.480, 0.499","0.445, 0.511","0.520, 0.749","0.359, 0.756","0.438, 0.294",0.48,0.499,0.445,0.511,0.52,0.749,0.359,0.756,0.481,0.342,0.387,0.347,0.487,0.428,0.412,0.431,0.469,0.495,0.411,0.497,0.504,0.623,0.381,0.634,Preparation
2.2022022022022023,7.72698847665346,8.09015346208279,186.9500466446208,173.5892263760512,158.292142516766,202.8324885655946,189.381271881204,178.25259143572674,"0.486, 0.340","0.387, 0.347","0.489, 0.426","0.415, 0.431","0.470, 0.495","0.414, 0.497","0.507, 0.623","0.383, 0.633","0.482, 0.501","0.451, 0.511","0.521, 0.748","0.359, 0.756","0.444, 0.302",0.482,0.501,0.451,0.511,0.521,0.748,0.359,0.756,0.486,0.34,0.387,0.347,0.489,0.426,0.415,0.431,0.47,0.495,0.414,0.497,0.507,0.623,0.383,0.633,Preparation
2.235568902235569,8.288264876209455,9.865034431540666,185.9174496715332,178.45515770106357,157.34199239166733,203.4274725617628,189.2536040529073,177.89502476317318,"0.491, 0.339","0.389, 0.346","0.493, 0.425","0.419, 0.431","0.472, 0.494","0.415, 0.496","0.509, 0.625","0.383, 0.633","0.487, 0.502","0.451, 0.511","0.522, 0.748","0.359, 0.756","0.448, 0.301",0.487,0.502,0.451,0.511,0.522,0.748,0.359,0.756,0.491,0.339,0.389,0.346,0.493,0.425,0.419,0.431,0.472,0.494,0.415,0.496,0.509,0.625,0.383,0.633,Preparation
2.2689356022689355,5.95873675139626,9.190490836379311,184.1659680548653,178.83151445978513,160.098562416822,205.1762804580601,187.63890212841565,178.4510934503546,"0.494, 0.338","0.390, 0.346","0.494, 0.425","0.421, 0.430","0.478, 0.493","0.420, 0.496","0.510, 0.625","0.387, 0.632","0.488, 0.503","0.454, 0.511","0.524, 0.747","0.360, 0.756","0.446, 0.302",0.488,0.503,0.454,0.511,0.524,0.747,0.36,0.756,0.494,0.338,0.39,0.346,0.494,0.425,0.421,0.43,0.478,0.493,0.42,0.496,0.51,0.625,0.387,0.632,Preparation
2.3023023023023024,4.285307028867012,7.6553308217311375,183.6314126357213,178.18773441349634,162.55838586078514,206.87413474385383,186.02966121492776,179.2343420786092,"0.494, 0.338","0.391, 0.347","0.493, 0.426","0.421, 0.429","0.481, 0.494","0.424, 0.497","0.510, 0.625","0.390, 0.632","0.488, 0.504","0.454, 0.509","0.524, 0.747","0.361, 0.754","0.444, 0.306",0.488,0.504,0.454,0.509,0.524,0.747,0.361,0.754,0.494,0.338,0.391,0.347,0.493,0.426,0.421,0.429,0.481,0.494,0.424,0.497,0.51,0.625,0.39,0.632,Preparation
2.335669002335669,3.615389701395552,6.91177874503763,183.35682676771845,177.21811340756776,163.1755200111294,206.38795119676456,185.70067488314388,178.7711823978338,"0.495, 0.338","0.393, 0.346","0.493, 0.426","0.421, 0.429","0.482, 0.493","0.425, 0.497","0.510, 0.624","0.391, 0.629","0.487, 0.503","0.453, 0.508","0.524, 0.747","0.363, 0.751","0.447, 0.314",0.487,0.503,0.453,0.508,0.524,0.747,0.363,0.751,0.495,0.338,0.393,0.346,0.493,0.426,0.421,0.429,0.482,0.493,0.425,0.497,0.51,0.624,0.391,0.629,Preparation
2.369035702369036,3.3784155483378413,5.569763046111607,183.55921791009084,175.91699093185545,164.2217228415704,207.03890440399528,185.0128661220028,177.57521412307898,"0.494, 0.339","0.395, 0.346","0.493, 0.428","0.421, 0.429","0.483, 0.492","0.426, 0.495","0.510, 0.623","0.391, 0.625","0.488, 0.504","0.452, 0.508","0.525, 0.747","0.363, 0.749","0.450, 0.321",0.488,0.504,0.452,0.508,0.525,0.747,0.363,0.749,0.494,0.339,0.395,0.346,0.493,0.428,0.421,0.429,0.483,0.492,0.426,0.495,0.51,0.623,0.391,0.625,Preparation
2.4024024024024024,3.4124314398791324,4.653990582410989,184.1035095219344,175.13861436488585,164.41159706756233,206.3165888290193,184.67144000631032,177.33767224147505,"0.494, 0.340","0.398, 0.347","0.493, 0.429","0.421, 0.429","0.483, 0.493","0.426, 0.495","0.510, 0.623","0.391, 0.625","0.487, 0.504","0.450, 0.508","0.525, 0.747","0.363, 0.748","0.449, 0.322",0.487,0.504,0.45,0.508,0.525,0.747,0.363,0.748,0.494,0.34,0.398,0.347,0.493,0.429,0.421,0.429,0.483,0.493,0.426,0.495,0.51,0.623,0.391,0.625,Preparation
2.4357691024357693,3.3586798267751643,4.429451158499364,184.22394350345863,174.8602033917862,164.62208399872628,206.1397246039489,184.5749022281271,177.24652309839055,"0.494, 0.341","0.398, 0.347","0.493, 0.429","0.420, 0.429","0.484, 0.494","0.426, 0.495","0.510, 0.623","0.390, 0.625","0.487, 0.504","0.450, 0.508","0.525, 0.747","0.363, 0.747","0.449, 0.323",0.487,0.504,0.45,0.508,0.525,0.747,0.363,0.747,0.494,0.341,0.398,0.347,0.493,0.429,0.42,0.429,0.484,0.494,0.426,0.495,0.51,0.623,0.39,0.625,Preparation
2.469135802469136,3.1378740470654907,4.510374865613302,183.7801329350073,176.84126004808218,164.2680502877339,206.1556560129948,184.24840508377144,177.0571307476666,"0.494, 0.341","0.398, 0.347","0.493, 0.429","0.420, 0.429","0.483, 0.493","0.426, 0.494","0.510, 0.623","0.390, 0.623","0.486, 0.506","0.447, 0.509","0.526, 0.748","0.363, 0.748","0.439, 0.320",0.486,0.506,0.447,0.509,0.526,0.748,0.363,0.748,0.494,0.341,0.398,0.347,0.493,0.429,0.42,0.429,0.483,0.493,0.426,0.494,0.51,0.623,0.39,0.623,Preparation
2.5025025025025025,1.78504899880997,4.293301816319879,185.33141536310265,176.76612251214104,164.19726327438735,203.9969985315061,183.82367401104688,178.0767900984174,"0.494, 0.341","0.398, 0.346","0.490, 0.429","0.418, 0.428","0.483, 0.497","0.423, 0.496","0.509, 0.626","0.390, 0.623","0.480, 0.509","0.443, 0.509","0.526, 0.750","0.363, 0.748","0.433, 0.320",0.48,0.509,0.443,0.509,0.526,0.75,0.363,0.748,0.494,0.341,0.398,0.346,0.49,0.429,0.418,0.428,0.483,0.497,0.423,0.496,0.509,0.626,0.39,0.623,Preparation
2.5358692025358693,1.4118183409816332,4.639457391007197,187.73278408720844,176.39704332915832,162.54305916026655,202.2476963339749,184.2759019726608,177.54232561033876,"0.492, 0.342","0.396, 0.345","0.487, 0.429","0.415, 0.427","0.479, 0.500","0.420, 0.500","0.508, 0.627","0.390, 0.625","0.472, 0.509","0.441, 0.510","0.527, 0.750","0.366, 0.748","0.434, 0.319",0.472,0.509,0.441,0.51,0.527,0.75,0.366,0.748,0.492,0.342,0.396,0.345,0.487,0.429,0.415,0.427,0.479,0.5,0.42,0.5,0.508,0.627,0.39,0.625,Preparation
2.569235902569236,1.7515936348300194,4.120531234712975,187.51287786406297,177.81897782161488,162.45961205178506,201.88666203096668,184.0426331345919,177.4302577050151,"0.492, 0.340","0.393, 0.343","0.488, 0.429","0.413, 0.427","0.479, 0.500","0.418, 0.498","0.508, 0.626","0.390, 0.623","0.473, 0.510","0.436, 0.511","0.527, 0.749","0.368, 0.748","0.433, 0.319",0.473,0.51,0.436,0.511,0.527,0.749,0.368,0.748,0.492,0.34,0.393,0.343,0.488,0.429,0.413,0.427,0.479,0.5,0.418,0.498,0.508,0.626,0.39,0.623,Preparation
2.6026026026026026,2.0967150629296505,4.555024929062047,188.9567463273724,178.39778891342957,162.10938475402548,201.1415016870558,184.0344220217368,178.0927049357067,"0.491, 0.339","0.392, 0.343","0.488, 0.429","0.413, 0.427","0.479, 0.499","0.417, 0.498","0.509, 0.625","0.390, 0.624","0.471, 0.510","0.436, 0.511","0.529, 0.748","0.368, 0.748","0.433, 0.320",0.471,0.51,0.436,0.511,0.529,0.748,0.368,0.748,0.491,0.339,0.392,0.343,0.488,0.429,0.413,0.427,0.479,0.499,0.417,0.498,0.509,0.625,0.39,0.624,Preparation
2.6359693026359694,2.1539120803858647,4.651724230139836,188.666492131217,178.2359874626117,161.781479974194,200.7834912872208,182.26965156118644,178.77340395220685,"0.491, 0.338","0.392, 0.342","0.487, 0.429","0.413, 0.427","0.478, 0.498","0.417, 0.497","0.509, 0.625","0.391, 0.625","0.471, 0.510","0.436, 0.512","0.533, 0.748","0.368, 0.749","0.433, 0.323",0.471,0.51,0.436,0.512,0.533,0.748,0.368,0.749,0.491,0.338,0.392,0.342,0.487,0.429,0.413,0.427,0.478,0.498,0.417,0.497,0.509,0.625,0.391,0.625,Preparation
2.669336002669336,1.6334556804773692,4.139931376394415,186.3922839726896,177.4560697698927,162.2696280139965,201.0595599188851,182.80106283459048,180.05736229040085,"0.491, 0.338","0.392, 0.344","0.488, 0.429","0.413, 0.427","0.480, 0.498","0.419, 0.498","0.511, 0.627","0.392, 0.630","0.475, 0.511","0.438, 0.512","0.534, 0.748","0.368, 0.749","0.445, 0.312",0.475,0.511,0.438,0.512,0.534,0.748,0.368,0.749,0.491,0.338,0.392,0.344,0.488,0.429,0.413,0.427,0.48,0.498,0.419,0.498,0.511,0.627,0.392,0.63,Preparation
2.702702702702702,2.490186102156473,3.844296524878179,185.11638565406005,178.6600298228229,162.12317256655436,201.90124748004493,184.24994406784748,181.05920323240443,"0.493, 0.337","0.392, 0.343","0.490, 0.429","0.414, 0.425","0.482, 0.494","0.421, 0.496","0.514, 0.626","0.394, 0.630","0.481, 0.512","0.438, 0.512","0.535, 0.748","0.368, 0.750","0.444, 0.304",0.481,0.512,0.438,0.512,0.535,0.748,0.368,0.75,0.493,0.337,0.392,0.343,0.49,0.429,0.414,0.425,0.482,0.494,0.421,0.496,0.514,0.626,0.394,0.63,Preparation
2.736069402736069,4.31240136329428,4.502569441488997,187.8072827144272,179.06600018424288,160.28703264864868,201.641416391828,187.85864503803472,181.79391711326485,"0.494, 0.337","0.395, 0.342","0.494, 0.429","0.417, 0.425","0.482, 0.494","0.423, 0.497","0.519, 0.626","0.396, 0.630","0.483, 0.513","0.441, 0.512","0.536, 0.747","0.368, 0.752","0.456, 0.306",0.483,0.513,0.441,0.512,0.536,0.747,0.368,0.752,0.494,0.337,0.395,0.342,0.494,0.429,0.417,0.425,0.482,0.494,0.423,0.497,0.519,0.626,0.396,0.63,Preparation
2.7694361027694363,5.4948138650834055,4.309587865681383,190.489031531592,179.17150193562338,160.3258099302886,201.80640945889547,188.50188174429687,182.38539978828743,"0.494, 0.338","0.395, 0.342","0.497, 0.429","0.417, 0.425","0.483, 0.494","0.424, 0.498","0.520, 0.625","0.398, 0.630","0.483, 0.513","0.441, 0.512","0.535, 0.747","0.368, 0.753","0.456, 0.307",0.483,0.513,0.441,0.512,0.535,0.747,0.368,0.753,0.494,0.338,0.395,0.342,0.497,0.429,0.417,0.425,0.483,0.494,0.424,0.498,0.52,0.625,0.398,0.63,Preparation
2.802802802802803,3.60771476088828,2.152273131079741,189.8277684392229,176.1133546498703,161.81516039360406,204.40446741046645,187.55042260218767,181.1771233129729,"0.496, 0.338","0.399, 0.348","0.496, 0.430","0.419, 0.430","0.487, 0.495","0.430, 0.498","0.521, 0.625","0.399, 0.632","0.482, 0.513","0.445, 0.512","0.536, 0.747","0.368, 0.753","0.452, 0.307",0.482,0.513,0.445,0.512,0.536,0.747,0.368,0.753,0.496,0.338,0.399,0.348,0.496,0.43,0.419,0.43,0.487,0.495,0.43,0.498,0.521,0.625,0.399,0.632,Preparation
2.836169502836169,3.009892670991618,4.469952903515514,186.74644875281388,177.35227459943226,160.64219807243992,204.15643966522148,189.60842818622123,183.24056309820955,"0.499, 0.338","0.401, 0.347","0.497, 0.430","0.425, 0.430","0.488, 0.495","0.432, 0.498","0.524, 0.625","0.403, 0.631","0.486, 0.512","0.453, 0.513","0.536, 0.746","0.369, 0.752","0.452, 0.310",0.486,0.512,0.453,0.513,0.536,0.746,0.369,0.752,0.499,0.338,0.401,0.347,0.497,0.43,0.425,0.43,0.488,0.495,0.432,0.498,0.524,0.625,0.403,0.631,Preparation
2.8695362028695364,1.6522743123968884,3.0213208976561217,180.84660785800213,176.50962198768076,161.29286771801975,207.06507070022937,188.7549981403357,182.1281035915852,"0.505, 0.338","0.404, 0.349","0.500, 0.430","0.427, 0.431","0.493, 0.495","0.438, 0.498","0.526, 0.625","0.404, 0.631","0.495, 0.512","0.456, 0.513","0.538, 0.746","0.369, 0.753","0.451, 0.312",0.495,0.512,0.456,0.513,0.538,0.746,0.369,0.753,0.505,0.338,0.404,0.349,0.5,0.43,0.427,0.431,0.493,0.495,0.438,0.498,0.526,0.625,0.404,0.631,Preparation
2.902902902902903,3.937710325446645,3.981098527237328,184.13984786270848,177.06846039940797,161.2579612432449,207.4968039003909,187.53861614082612,182.6171140162793,"0.509, 0.338","0.407, 0.349","0.507, 0.430","0.432, 0.431","0.495, 0.496","0.441, 0.498","0.528, 0.626","0.407, 0.631","0.500, 0.513","0.461, 0.513","0.541, 0.747","0.369, 0.752","0.452, 0.300",0.5,0.513,0.461,0.513,0.541,0.747,0.369,0.752,0.509,0.338,0.407,0.349,0.507,0.43,0.432,0.431,0.495,0.496,0.441,0.498,0.528,0.626,0.407,0.631,Preparation
2.9362696029362696,2.5922709035108658,4.958263271228644,181.071613844895,178.45550129390668,161.23007293245908,206.9659419767032,187.02015669212523,181.7775968195701,"0.513, 0.338","0.409, 0.349","0.508, 0.430","0.435, 0.431","0.498, 0.496","0.442, 0.498","0.529, 0.627","0.407, 0.631","0.503, 0.509","0.463, 0.513","0.542, 0.747","0.372, 0.753","0.454, 0.302",0.503,0.509,0.463,0.513,0.542,0.747,0.372,0.753,0.513,0.338,0.409,0.349,0.508,0.43,0.435,0.431,0.498,0.496,0.442,0.498,0.529,0.627,0.407,0.631,Preparation
2.9696363029696364,1.85922831739446,5.444366375543948,181.0283818687124,179.04595071368325,161.8832843687886,206.84326858911427,185.96806608423293,180.99526702018065,"0.514, 0.338","0.411, 0.349","0.508, 0.429","0.437, 0.431","0.499, 0.496","0.443, 0.496","0.528, 0.628","0.407, 0.631","0.502, 0.508","0.464, 0.513","0.542, 0.748","0.372, 0.753","0.454, 0.302",0.502,0.508,0.464,0.513,0.542,0.748,0.372,0.753,0.514,0.338,0.411,0.349,0.508,0.429,0.437,0.431,0.499,0.496,0.443,0.496,0.528,0.628,0.407,0.631,Preparation
3.003003003003004,0.933700073273942,6.895568165900096,179.5976703239019,180.4840733070887,161.44012587257296,206.10070658403544,187.0718669329388,181.68980315786385,"0.516, 0.337","0.411, 0.349","0.508, 0.428","0.438, 0.429","0.500, 0.496","0.442, 0.496","0.530, 0.627","0.408, 0.629","0.502, 0.508","0.466, 0.513","0.542, 0.748","0.373, 0.753","0.461, 0.303",0.502,0.508,0.466,0.513,0.542,0.748,0.373,0.753,0.516,0.337,0.411,0.349,0.508,0.428,0.438,0.429,0.5,0.496,0.442,0.496,0.53,0.627,0.408,0.629,Preparation
3.0363697030363697,3.744165130129242,7.344602796157687,185.6788150985904,179.4644475760184,160.51121332915267,204.25616189381995,187.2644394126065,181.82210759204443,"0.518, 0.339","0.415, 0.350","0.514, 0.428","0.440, 0.429","0.500, 0.499","0.442, 0.499","0.529, 0.627","0.410, 0.629","0.502, 0.509","0.468, 0.513","0.542, 0.748","0.375, 0.753","0.460, 0.306",0.502,0.509,0.468,0.513,0.542,0.748,0.375,0.753,0.518,0.339,0.415,0.35,0.514,0.428,0.44,0.429,0.5,0.499,0.442,0.499,0.529,0.627,0.41,0.629,Preparation
3.0697364030697365,4.682402930673119,7.323993336557165,187.89595633801545,179.31062667135717,160.84732810933417,203.98776759882023,187.0529469118528,181.89835819335752,"0.517, 0.339","0.416, 0.350","0.515, 0.429","0.441, 0.429","0.500, 0.499","0.443, 0.499","0.529, 0.625","0.411, 0.629","0.502, 0.510","0.468, 0.513","0.542, 0.748","0.376, 0.753","0.459, 0.306",0.502,0.51,0.468,0.513,0.542,0.748,0.376,0.753,0.517,0.339,0.416,0.35,0.515,0.429,0.441,0.429,0.5,0.499,0.443,0.499,0.529,0.625,0.411,0.629,Preparation
3.103103103103104,4.973356766771707,7.190957626958144,188.29372034861467,179.09361959880343,160.99882159900395,203.54484265845767,186.75052641181605,181.7241646991948,"0.517, 0.339","0.416, 0.350","0.515, 0.429","0.441, 0.429","0.500, 0.499","0.442, 0.499","0.529, 0.624","0.411, 0.629","0.502, 0.511","0.468, 0.513","0.542, 0.749","0.376, 0.754","0.458, 0.306",0.502,0.511,0.468,0.513,0.542,0.749,0.376,0.754,0.517,0.339,0.416,0.35,0.515,0.429,0.441,0.429,0.5,0.499,0.442,0.499,0.529,0.624,0.411,0.629,Preparation
3.1364698031364697,4.760896972645989,7.128707847065593,188.8462867730513,179.02040301197025,161.94757690523815,203.30683332897544,185.79909931076136,182.44586038992284,"0.516, 0.339","0.417, 0.350","0.515, 0.431","0.441, 0.429","0.501, 0.499","0.443, 0.499","0.529, 0.628","0.412, 0.631","0.501, 0.512","0.469, 0.514","0.544, 0.750","0.377, 0.754","0.460, 0.306",0.501,0.512,0.469,0.514,0.544,0.75,0.377,0.754,0.516,0.339,0.417,0.35,0.515,0.431,0.441,0.429,0.501,0.499,0.443,0.499,0.529,0.628,0.412,0.631,Preparation
3.169836503169837,3.886133346675856,7.218887530077258,188.88984842353096,180.00463142600546,161.99764925136824,203.12648938099125,186.6164613362102,183.36759606191063,"0.519, 0.339","0.416, 0.351","0.516, 0.431","0.442, 0.430","0.503, 0.499","0.444, 0.500","0.532, 0.628","0.414, 0.631","0.501, 0.512","0.468, 0.514","0.544, 0.751","0.378, 0.754","0.460, 0.309",0.501,0.512,0.468,0.514,0.544,0.751,0.378,0.754,0.519,0.339,0.416,0.351,0.516,0.431,0.442,0.43,0.503,0.499,0.444,0.5,0.532,0.628,0.414,0.631,Preparation
3.2032032032032034,2.758907168674838,7.16980957457464,186.64690191195376,179.94456181975352,161.1084464180044,202.98624088873464,186.46529809650465,183.8231247406592,"0.521, 0.340","0.417, 0.351","0.515, 0.431","0.442, 0.430","0.504, 0.499","0.444, 0.500","0.532, 0.629","0.415, 0.631","0.501, 0.514","0.469, 0.514","0.546, 0.753","0.379, 0.754","0.459, 0.313",0.501,0.514,0.469,0.514,0.546,0.753,0.379,0.754,0.521,0.34,0.417,0.351,0.515,0.431,0.442,0.43,0.504,0.499,0.444,0.5,0.532,0.629,0.415,0.631,Preparation
3.2365699032365702,1.8944632082790407,6.258555396850826,185.70497886272844,179.63610069119844,162.10496561734817,203.702654335133,185.6857510977267,183.7185459468202,"0.521, 0.340","0.417, 0.351","0.515, 0.431","0.442, 0.431","0.505, 0.499","0.446, 0.500","0.532, 0.629","0.416, 0.631","0.501, 0.515","0.468, 0.514","0.546, 0.753","0.380, 0.754","0.459, 0.312",0.501,0.515,0.468,0.514,0.546,0.753,0.38,0.754,0.521,0.34,0.417,0.351,0.515,0.431,0.442,0.431,0.505,0.499,0.446,0.5,0.532,0.629,0.416,0.631,Preparation
3.2699366032699366,0.4392373616407299,5.274707840961089,183.83422532319287,179.8062574217307,162.99012641306584,204.49648065935165,185.19510117261933,183.74195901484472,"0.521, 0.340","0.417, 0.349","0.513, 0.432","0.442, 0.431","0.506, 0.499","0.448, 0.500","0.532, 0.629","0.418, 0.631","0.500, 0.517","0.468, 0.515","0.546, 0.753","0.382, 0.755","0.459, 0.310",0.5,0.517,0.468,0.515,0.546,0.753,0.382,0.755,0.521,0.34,0.417,0.349,0.513,0.432,0.442,0.431,0.506,0.499,0.448,0.5,0.532,0.629,0.418,0.631,Preparation
3.3033033033033035,0.3447828030876851,4.831747190463768,182.80410574395137,179.9404747529003,163.5059477631324,204.71386764561512,185.19150187880348,184.21690413571585,"0.521, 0.340","0.417, 0.348","0.512, 0.432","0.442, 0.431","0.506, 0.500","0.449, 0.501","0.532, 0.630","0.420, 0.631","0.500, 0.517","0.468, 0.516","0.545, 0.753","0.382, 0.756","0.459, 0.310",0.5,0.517,0.468,0.516,0.545,0.753,0.382,0.756,0.521,0.34,0.417,0.348,0.512,0.432,0.442,0.431,0.506,0.5,0.449,0.501,0.532,0.63,0.42,0.631,Preparation
3.3366700033366703,0.8043977891103699,4.290400482022022,183.010810337387,180.64117640874312,164.30945327478634,205.8469958067763,184.95756780832733,185.6562972323484,"0.521, 0.341","0.416, 0.349","0.512, 0.432","0.442, 0.431","0.507, 0.502","0.452, 0.503","0.532, 0.630","0.423, 0.631","0.499, 0.515","0.467, 0.515","0.545, 0.753","0.382, 0.755","0.460, 0.310",0.499,0.515,0.467,0.515,0.545,0.753,0.382,0.755,0.521,0.341,0.416,0.349,0.512,0.432,0.442,0.431,0.507,0.502,0.452,0.503,0.532,0.63,0.423,0.631,Preparation
3.3700367033700367,0.5134760327609323,4.99659430346877,183.22777681199724,181.21040140835305,164.28839611522454,204.67651399272387,184.26417784983465,186.2496267220677,"0.521, 0.341","0.416, 0.347","0.512, 0.432","0.442, 0.429","0.507, 0.502","0.451, 0.503","0.532, 0.630","0.423, 0.632","0.500, 0.515","0.467, 0.515","0.546, 0.752","0.382, 0.754","0.460, 0.309",0.5,0.515,0.467,0.515,0.546,0.752,0.382,0.754,0.521,0.341,0.416,0.347,0.512,0.432,0.442,0.429,0.507,0.502,0.451,0.503,0.532,0.63,0.423,0.632,Preparation
3.4034034034034035,0.0912551923938086,5.685045165137989,183.5523722195749,181.57287162504804,164.09831512741007,204.38177420229783,182.70679692303955,185.8258812913343,"0.521, 0.345","0.417, 0.349","0.513, 0.435","0.443, 0.431","0.507, 0.503","0.450, 0.505","0.532, 0.632","0.422, 0.633","0.500, 0.516","0.468, 0.516","0.549, 0.754","0.383, 0.754","0.461, 0.311",0.5,0.516,0.468,0.516,0.549,0.754,0.383,0.754,0.521,0.345,0.417,0.349,0.513,0.435,0.443,0.431,0.507,0.503,0.45,0.505,0.532,0.632,0.422,0.633,Preparation
3.4367701034367704,0.3339343536233701,5.502098488895657,183.7004990318191,180.3629212367684,164.25912410159756,203.4599248405648,182.92314923070413,185.90649301342083,"0.520, 0.346","0.419, 0.350","0.513, 0.437","0.443, 0.432","0.507, 0.504","0.450, 0.505","0.532, 0.632","0.422, 0.634","0.501, 0.517","0.468, 0.516","0.549, 0.758","0.383, 0.754","0.463, 0.311",0.501,0.517,0.468,0.516,0.549,0.758,0.383,0.754,0.52,0.346,0.419,0.35,0.513,0.437,0.443,0.432,0.507,0.504,0.45,0.505,0.532,0.632,0.422,0.634,Preparation
3.4701368034701368,0.7035839810134685,5.344930006366773,183.82892551767452,179.56324687518168,164.4624228961387,203.0196392669293,182.89720374312657,185.941372781952,"0.519, 0.347","0.419, 0.350","0.513, 0.438","0.444, 0.432","0.506, 0.504","0.450, 0.506","0.532, 0.633","0.422, 0.634","0.502, 0.517","0.469, 0.517","0.550, 0.759","0.383, 0.754","0.464, 0.310",0.502,0.517,0.469,0.517,0.55,0.759,0.383,0.754,0.519,0.347,0.419,0.35,0.513,0.438,0.444,0.432,0.506,0.504,0.45,0.506,0.532,0.633,0.422,0.634,Preparation
3.503503503503504,0.9804852087867988,5.293938543312732,184.3249619269082,179.00389836732833,164.81318724785174,202.6438088541112,182.8002489222598,185.39119523707672,"0.518, 0.349","0.420, 0.350","0.513, 0.439","0.444, 0.433","0.506, 0.505","0.449, 0.506","0.531, 0.633","0.422, 0.635","0.502, 0.518","0.469, 0.518","0.550, 0.759","0.384, 0.753","0.464, 0.310",0.502,0.518,0.469,0.518,0.55,0.759,0.384,0.753,0.518,0.349,0.42,0.35,0.513,0.439,0.444,0.433,0.506,0.505,0.449,0.506,0.531,0.633,0.422,0.635,Preparation
3.5368702035368704,1.036658389601947,4.959904928429902,183.2104124105753,178.95302058927464,165.15220972860405,202.6736615391112,182.61519670764983,185.3365734992088,"0.519, 0.349","0.420, 0.348","0.514, 0.439","0.444, 0.433","0.507, 0.504","0.450, 0.504","0.531, 0.632","0.422, 0.634","0.505, 0.519","0.470, 0.518","0.549, 0.761","0.384, 0.753","0.464, 0.312",0.505,0.519,0.47,0.518,0.549,0.761,0.384,0.753,0.519,0.349,0.42,0.348,0.514,0.439,0.444,0.433,0.507,0.504,0.45,0.504,0.531,0.632,0.422,0.634,Preparation
3.5702369035702373,0.5039198037734637,5.30749671746367,182.20021243302696,179.5433002016889,164.69923897532155,202.67528660400976,182.62424470807892,185.26141275935635,"0.520, 0.349","0.421, 0.350","0.513, 0.439","0.444, 0.433","0.507, 0.503","0.449, 0.503","0.531, 0.632","0.421, 0.634","0.504, 0.519","0.470, 0.519","0.549, 0.760","0.384, 0.753","0.464, 0.318",0.504,0.519,0.47,0.519,0.549,0.76,0.384,0.753,0.52,0.349,0.421,0.35,0.513,0.439,0.444,0.433,0.507,0.503,0.449,0.503,0.531,0.632,0.421,0.634,Preparation
3.603603603603604,1.132616139881094,5.319310903605439,178.1068077027433,179.29832204649065,163.94926592648665,203.35848374580263,181.58454319499447,183.3343104321737,"0.520, 0.348","0.421, 0.352","0.510, 0.439","0.444, 0.434","0.507, 0.498","0.449, 0.499","0.531, 0.626","0.419, 0.634","0.504, 0.519","0.470, 0.519","0.552, 0.757","0.384, 0.754","0.462, 0.319",0.504,0.519,0.47,0.519,0.552,0.757,0.384,0.754,0.52,0.348,0.421,0.352,0.51,0.439,0.444,0.434,0.507,0.498,0.449,0.499,0.531,0.626,0.419,0.634,Preparation
3.6369703036369705,1.4774620068863584,5.579221693611481,176.8058615137518,179.44533113221917,163.4101307370737,203.3643300829055,181.46188494913065,182.71847485542835,"0.521, 0.348","0.421, 0.352","0.509, 0.438","0.445, 0.435","0.506, 0.494","0.448, 0.496","0.531, 0.623","0.418, 0.633","0.504, 0.519","0.470, 0.519","0.553, 0.755","0.384, 0.755","0.462, 0.319",0.504,0.519,0.47,0.519,0.553,0.755,0.384,0.755,0.521,0.348,0.421,0.352,0.509,0.438,0.445,0.435,0.506,0.494,0.448,0.496,0.531,0.623,0.418,0.633,Preparation
3.670337003670337,1.44468469733787,5.710239812908141,176.6058792167107,179.69422023002673,163.27472778084834,203.55613965709807,181.5672537979256,182.56003886502805,"0.521, 0.348","0.420, 0.354","0.509, 0.438","0.445, 0.435","0.506, 0.493","0.448, 0.495","0.531, 0.623","0.417, 0.633","0.504, 0.519","0.471, 0.519","0.553, 0.755","0.384, 0.755","0.462, 0.325",0.504,0.519,0.471,0.519,0.553,0.755,0.384,0.755,0.521,0.348,0.42,0.354,0.509,0.438,0.445,0.435,0.506,0.493,0.448,0.495,0.531,0.623,0.417,0.633,Preparation
3.703703703703704,1.855600240498665,5.449617893892315,175.84287115364123,179.34987777907838,163.09365567720198,203.6138490483644,181.41281954366207,182.3169143752704,"0.521, 0.348","0.420, 0.354","0.509, 0.438","0.445, 0.437","0.506, 0.493","0.448, 0.495","0.531, 0.623","0.417, 0.632","0.504, 0.519","0.471, 0.521","0.554, 0.753","0.385, 0.756","0.462, 0.328",0.504,0.519,0.471,0.521,0.554,0.753,0.385,0.756,0.521,0.348,0.42,0.354,0.509,0.438,0.445,0.437,0.506,0.493,0.448,0.495,0.531,0.623,0.417,0.632,Preparation
3.737070403737071,2.036429953754067,5.969740226295944,175.4000492353226,180.1861968641904,162.8766654725792,203.39616320501764,181.04156469422367,182.7311093673772,"0.521, 0.347","0.419, 0.353","0.508, 0.438","0.445, 0.437","0.506, 0.493","0.447, 0.494","0.532, 0.622","0.417, 0.632","0.504, 0.520","0.471, 0.521","0.555, 0.752","0.384, 0.756","0.461, 0.328",0.504,0.52,0.471,0.521,0.555,0.752,0.384,0.756,0.521,0.347,0.419,0.353,0.508,0.438,0.445,0.437,0.506,0.493,0.447,0.494,0.532,0.622,0.417,0.632,Preparation
3.770437103770437,2.2636395736892294,6.154233275921484,176.4112079760926,180.33114261744203,162.9145902478102,202.9547329675153,181.3247834841065,182.91394661628075,"0.520, 0.347","0.419, 0.353","0.508, 0.438","0.445, 0.437","0.506, 0.493","0.446, 0.494","0.532, 0.620","0.417, 0.632","0.501, 0.520","0.471, 0.522","0.555, 0.751","0.384, 0.757","0.461, 0.327",0.501,0.52,0.471,0.522,0.555,0.751,0.384,0.757,0.52,0.347,0.419,0.353,0.508,0.438,0.445,0.437,0.506,0.493,0.446,0.494,0.532,0.62,0.417,0.632,Preparation
3.803803803803804,2.259473526580383,6.195025781450103,176.96095606763447,180.3530322880458,163.1092539139567,202.7409001127701,181.43197722265083,183.024931711102,"0.520, 0.347","0.419, 0.352","0.508, 0.438","0.445, 0.437","0.506, 0.493","0.446, 0.494","0.532, 0.621","0.417, 0.632","0.501, 0.521","0.471, 0.522","0.555, 0.751","0.384, 0.757","0.461, 0.326",0.501,0.521,0.471,0.522,0.555,0.751,0.384,0.757,0.52,0.347,0.419,0.352,0.508,0.438,0.445,0.437,0.506,0.493,0.446,0.494,0.532,0.621,0.417,0.632,Preparation
3.8371705038371706,2.209087220214208,5.96957695165766,177.19231809110016,180.05896937424336,162.685726557939,202.5980898859095,182.12690958868865,183.07352670255625,"0.520, 0.346","0.419, 0.351","0.508, 0.437","0.445, 0.436","0.506, 0.493","0.446, 0.494","0.533, 0.621","0.417, 0.633","0.501, 0.521","0.470, 0.522","0.555, 0.751","0.384, 0.758","0.461, 0.325",0.501,0.521,0.47,0.522,0.555,0.751,0.384,0.758,0.52,0.346,0.419,0.351,0.508,0.437,0.445,0.436,0.506,0.493,0.446,0.494,0.533,0.621,0.417,0.633,Preparation
3.8705372038705375,2.2657852703538257,6.064548272630848,177.03801986518013,180.1372377970657,162.0458484785334,202.66887202373547,182.9573692619824,183.1033359701772,"0.520, 0.346","0.418, 0.351","0.508, 0.437","0.444, 0.436","0.506, 0.493","0.446, 0.494","0.534, 0.621","0.417, 0.633","0.501, 0.522","0.471, 0.522","0.555, 0.751","0.384, 0.758","0.461, 0.329",0.501,0.522,0.471,0.522,0.555,0.751,0.384,0.758,0.52,0.346,0.418,0.351,0.508,0.437,0.444,0.436,0.506,0.493,0.446,0.494,0.534,0.621,0.417,0.633,Preparation
3.903903903903904,2.3720719592049893,5.942211461366441,177.05993282616743,180.1294756808338,162.0479287227842,202.67249211041243,183.2400420384889,183.08313458882483,"0.520, 0.346","0.418, 0.350","0.507, 0.437","0.444, 0.436","0.506, 0.493","0.446, 0.494","0.535, 0.622","0.417, 0.633","0.500, 0.522","0.470, 0.522","0.556, 0.750","0.384, 0.758","0.461, 0.329",0.5,0.522,0.47,0.522,0.556,0.75,0.384,0.758,0.52,0.346,0.418,0.35,0.507,0.437,0.444,0.436,0.506,0.493,0.446,0.494,0.535,0.622,0.417,0.633,Preparation
3.937270603937271,2.420139883886036,6.099162673986797,176.95492424132232,180.2188145604115,162.0477422398471,202.37753371971465,183.2534498333165,183.10013589018715,"0.520, 0.346","0.418, 0.350","0.507, 0.437","0.444, 0.436","0.506, 0.493","0.446, 0.494","0.535, 0.623","0.417, 0.634","0.500, 0.523","0.470, 0.523","0.556, 0.750","0.385, 0.758","0.462, 0.332",0.5,0.523,0.47,0.523,0.556,0.75,0.385,0.758,0.52,0.346,0.418,0.35,0.507,0.437,0.444,0.436,0.506,0.493,0.446,0.494,0.535,0.623,0.417,0.634,Preparation
3.9706373039706375,2.2931836329590203,6.714594537216372,177.21548524011473,180.418266611717,161.96120958912763,201.2384938684536,183.55124963470087,183.3214899055081,"0.519, 0.347","0.418, 0.350","0.507, 0.437","0.444, 0.437","0.506, 0.495","0.444, 0.496","0.535, 0.623","0.417, 0.634","0.500, 0.523","0.470, 0.522","0.556, 0.750","0.386, 0.758","0.462, 0.332",0.5,0.523,0.47,0.522,0.556,0.75,0.386,0.758,0.519,0.347,0.418,0.35,0.507,0.437,0.444,0.437,0.506,0.495,0.444,0.496,0.535,0.623,0.417,0.634,Preparation
4.004004004004004,2.0308336453573173,7.011868137679257,177.53008718985978,180.60286615329125,161.75211165592506,200.63657793233293,183.836041571842,183.5725446071337,"0.519, 0.347","0.418, 0.350","0.508, 0.437","0.444, 0.437","0.506, 0.495","0.443, 0.495","0.535, 0.623","0.417, 0.634","0.501, 0.524","0.469, 0.522","0.556, 0.749","0.386, 0.758","0.462, 0.333",0.501,0.524,0.469,0.522,0.556,0.749,0.386,0.758,0.519,0.347,0.418,0.35,0.508,0.437,0.444,0.437,0.506,0.495,0.443,0.495,0.535,0.623,0.417,0.634,Preparation
4.037370704037371,2.1992032760867457,7.133013293269247,177.21400532519436,180.63971218398,161.37187115916672,200.6569468777277,184.4971760524384,183.4120716916592,"0.519, 0.347","0.418, 0.350","0.507, 0.437","0.444, 0.436","0.506, 0.496","0.443, 0.497","0.536, 0.623","0.417, 0.634","0.501, 0.524","0.469, 0.521","0.556, 0.749","0.386, 0.758","0.462, 0.334",0.501,0.524,0.469,0.521,0.556,0.749,0.386,0.758,0.519,0.347,0.418,0.35,0.507,0.437,0.444,0.436,0.506,0.496,0.443,0.497,0.536,0.623,0.417,0.634,Preparation
4.070737404070738,2.1675153806655656,7.024088402513243,177.02938135446715,180.58425703638505,161.3585156632582,201.105557380478,184.35358452097,183.0224996540789,"0.519, 0.348","0.418, 0.352","0.508, 0.438","0.444, 0.437","0.506, 0.496","0.444, 0.497","0.536, 0.624","0.418, 0.634","0.501, 0.524","0.469, 0.520","0.556, 0.749","0.387, 0.758","0.463, 0.338",0.501,0.524,0.469,0.52,0.556,0.749,0.387,0.758,0.519,0.348,0.418,0.352,0.508,0.438,0.444,0.437,0.506,0.496,0.444,0.497,0.536,0.624,0.418,0.634,Preparation
4.104104104104104,2.1136035191557254,6.901849815438025,177.03247026688774,180.55518750412944,161.44384562094268,201.911727682806,184.25497499919692,182.50712610368697,"0.519, 0.350","0.418, 0.356","0.508, 0.439","0.444, 0.438","0.506, 0.496","0.445, 0.497","0.536, 0.623","0.418, 0.634","0.501, 0.524","0.469, 0.519","0.556, 0.749","0.387, 0.758","0.464, 0.341",0.501,0.524,0.469,0.519,0.556,0.749,0.387,0.758,0.519,0.35,0.418,0.356,0.508,0.439,0.444,0.438,0.506,0.496,0.445,0.497,0.536,0.623,0.418,0.634,Preparation
4.137470804137471,2.19543439836412,6.556505336783651,176.84520427677035,180.4321560011622,161.7919704729608,202.68869303364184,183.88525201446103,181.89463218878225,"0.519, 0.351","0.418, 0.357","0.508, 0.440","0.444, 0.438","0.506, 0.496","0.446, 0.497","0.536, 0.623","0.418, 0.633","0.502, 0.525","0.469, 0.519","0.556, 0.749","0.388, 0.758","0.465, 0.344",0.502,0.525,0.469,0.519,0.556,0.749,0.388,0.758,0.519,0.351,0.418,0.357,0.508,0.44,0.444,0.438,0.506,0.496,0.446,0.497,0.536,0.623,0.418,0.633,Preparation
4.170837504170838,2.2251949501122965,6.252823566574708,176.17130766321378,180.2623361604915,161.88604019498396,203.25684050611207,183.7508294440333,181.4474089915668,"0.519, 0.350","0.418, 0.356","0.508, 0.439","0.444, 0.438","0.506, 0.496","0.446, 0.497","0.536, 0.622","0.418, 0.633","0.503, 0.525","0.469, 0.518","0.557, 0.751","0.388, 0.758","0.465, 0.343",0.503,0.525,0.469,0.518,0.557,0.751,0.388,0.758,0.519,0.35,0.418,0.356,0.508,0.439,0.444,0.438,0.506,0.496,0.446,0.497,0.536,0.622,0.418,0.633,Preparation
4.2042042042042045,2.1499460730323383,6.171063372427829,175.83539712012117,180.20582240587467,161.94685694572087,203.33394669169635,183.7455568434246,181.39414539731865,"0.519, 0.350","0.418, 0.356","0.508, 0.439","0.444, 0.438","0.506, 0.496","0.447, 0.497","0.536, 0.622","0.418, 0.633","0.504, 0.525","0.469, 0.518","0.557, 0.751","0.388, 0.758","0.465, 0.342",0.504,0.525,0.469,0.518,0.557,0.751,0.388,0.758,0.519,0.35,0.418,0.356,0.508,0.439,0.444,0.438,0.506,0.496,0.447,0.497,0.536,0.622,0.418,0.633,Preparation
4.237570904237571,2.1161205167335586,6.122743468816389,175.88432354046398,180.2027911307484,162.00189442231692,203.41038773477675,183.68126298838587,181.36677462983624,"0.519, 0.350","0.418, 0.356","0.508, 0.440","0.444, 0.438","0.507, 0.496","0.447, 0.497","0.536, 0.622","0.418, 0.633","0.504, 0.525","0.469, 0.517","0.557, 0.752","0.388, 0.758","0.465, 0.342",0.504,0.525,0.469,0.517,0.557,0.752,0.388,0.758,0.519,0.35,0.418,0.356,0.508,0.44,0.444,0.438,0.507,0.496,0.447,0.497,0.536,0.622,0.418,0.633,Preparation
4.270937604270938,2.139908572625677,6.080413053952572,175.88599484634918,180.09474868286412,162.0735075136351,203.5830105932544,183.5282412176303,181.2560198398437,"0.519, 0.350","0.418, 0.356","0.508, 0.440","0.444, 0.438","0.507, 0.495","0.447, 0.497","0.536, 0.621","0.418, 0.632","0.504, 0.525","0.469, 0.517","0.557, 0.752","0.388, 0.758","0.465, 0.341",0.504,0.525,0.469,0.517,0.557,0.752,0.388,0.758,0.519,0.35,0.418,0.356,0.508,0.44,0.444,0.438,0.507,0.495,0.447,0.497,0.536,0.621,0.418,0.632,Preparation
4.3043043043043046,2.0827813646052924,5.996565072752288,175.90847594124963,179.9786441215822,162.18971962547647,203.8219785295876,183.217647224928,181.0179417219689,"0.519, 0.350","0.418, 0.356","0.508, 0.440","0.444, 0.438","0.507, 0.495","0.447, 0.496","0.536, 0.621","0.418, 0.631","0.504, 0.525","0.469, 0.517","0.558, 0.753","0.388, 0.758","0.465, 0.341",0.504,0.525,0.469,0.517,0.558,0.753,0.388,0.758,0.519,0.35,0.418,0.356,0.508,0.44,0.444,0.438,0.507,0.495,0.447,0.496,0.536,0.621,0.418,0.631,Preparation
4.337671004337671,1.9194102861082245,5.8773287945142485,176.25127197855613,179.77634544069173,162.27009011554867,203.9082333943743,182.94755638547588,180.83405174263572,"0.519, 0.350","0.418, 0.356","0.508, 0.440","0.444, 0.438","0.507, 0.495","0.447, 0.496","0.536, 0.622","0.418, 0.630","0.504, 0.525","0.469, 0.517","0.559, 0.753","0.388, 0.758","0.464, 0.340",0.504,0.525,0.469,0.517,0.559,0.753,0.388,0.758,0.519,0.35,0.418,0.356,0.508,0.44,0.444,0.438,0.507,0.495,0.447,0.496,0.536,0.622,0.418,0.63,Preparation
4.371037704371039,1.848014668418689,5.562515421283773,176.51010821760872,179.53611312447052,162.4659488295455,203.8942220696163,182.6781582421097,180.4822448924481,"0.519, 0.350","0.418, 0.355","0.508, 0.441","0.444, 0.439","0.507, 0.495","0.447, 0.497","0.536, 0.623","0.418, 0.630","0.504, 0.526","0.469, 0.518","0.559, 0.753","0.389, 0.758","0.463, 0.337",0.504,0.526,0.469,0.518,0.559,0.753,0.389,0.758,0.519,0.35,0.418,0.355,0.508,0.441,0.444,0.439,0.507,0.495,0.447,0.497,0.536,0.623,0.418,0.63,Preparation
4.404404404404405,1.1223453457554449,5.485996410291779,178.00582280822624,179.72192519524648,162.646453136543,204.12368476317351,182.54371980737787,180.2244233764657,"0.519, 0.350","0.418, 0.355","0.510, 0.441","0.444, 0.439","0.507, 0.496","0.447, 0.497","0.536, 0.624","0.418, 0.630","0.504, 0.526","0.469, 0.519","0.559, 0.754","0.389, 0.758","0.463, 0.337",0.504,0.526,0.469,0.519,0.559,0.754,0.389,0.758,0.519,0.35,0.418,0.355,0.51,0.441,0.444,0.439,0.507,0.496,0.447,0.497,0.536,0.624,0.418,0.63,Preparation
4.437771104437771,0.9809983206529048,5.3659096148878485,178.16248225025006,179.84370897058983,162.81567997262482,204.2890547351779,182.3757976110385,179.98620093722374,"0.519, 0.350","0.418, 0.355","0.510, 0.441","0.444, 0.439","0.507, 0.497","0.448, 0.498","0.536, 0.626","0.418, 0.631","0.505, 0.527","0.469, 0.521","0.559, 0.754","0.389, 0.758","0.463, 0.337",0.505,0.527,0.469,0.521,0.559,0.754,0.389,0.758,0.519,0.35,0.418,0.355,0.51,0.441,0.444,0.439,0.507,0.497,0.448,0.498,0.536,0.626,0.418,0.631,Preparation
4.471137804471138,0.92484974222127,5.356028159987935,178.1940364981928,179.8880292772505,162.80874863891438,204.36444225658744,182.4445154461748,179.7063778434241,"0.519, 0.350","0.418, 0.355","0.510, 0.441","0.444, 0.439","0.507, 0.498","0.448, 0.499","0.536, 0.626","0.418, 0.631","0.505, 0.527","0.469, 0.522","0.559, 0.754","0.390, 0.758","0.463, 0.337",0.505,0.527,0.469,0.522,0.559,0.754,0.39,0.758,0.519,0.35,0.418,0.355,0.51,0.441,0.444,0.439,0.507,0.498,0.448,0.499,0.536,0.626,0.418,0.631,Preparation
4.504504504504505,0.90870489820902,5.338250912733612,178.23585086079717,179.86731779035924,162.86272387681987,204.38709923759168,182.48827301658065,179.52473629268158,"0.519, 0.350","0.418, 0.354","0.510, 0.441","0.444, 0.439","0.507, 0.498","0.448, 0.499","0.536, 0.626","0.418, 0.631","0.505, 0.527","0.469, 0.522","0.559, 0.754","0.390, 0.758","0.463, 0.336",0.505,0.527,0.469,0.522,0.559,0.754,0.39,0.758,0.519,0.35,0.418,0.354,0.51,0.441,0.444,0.439,0.507,0.498,0.448,0.499,0.536,0.626,0.418,0.631,Preparation
4.537871204537871,1.0691054880354374,5.194792183461544,178.1251964599582,179.6855278120553,162.6741556033961,204.81950073971288,182.9902904079136,178.77182138875543,"0.519, 0.350","0.418, 0.355","0.510, 0.441","0.444, 0.440","0.507, 0.499","0.448, 0.500","0.536, 0.623","0.418, 0.631","0.505, 0.526","0.469, 0.522","0.559, 0.753","0.391, 0.758","0.462, 0.338",0.505,0.526,0.469,0.522,0.559,0.753,0.391,0.758,0.519,0.35,0.418,0.355,0.51,0.441,0.444,0.44,0.507,0.499,0.448,0.5,0.536,0.623,0.418,0.631,Preparation
4.571237904571238,1.2373130787615747,5.085613343508273,177.96107630498162,179.5557049584565,162.6814401759886,205.16428838414583,183.22683218447708,178.35809401391302,"0.518, 0.350","0.418, 0.356","0.510, 0.441","0.444, 0.441","0.508, 0.500","0.449, 0.501","0.536, 0.622","0.418, 0.631","0.505, 0.526","0.469, 0.522","0.559, 0.753","0.391, 0.758","0.460, 0.338",0.505,0.526,0.469,0.522,0.559,0.753,0.391,0.758,0.518,0.35,0.418,0.356,0.51,0.441,0.444,0.441,0.508,0.5,0.449,0.501,0.536,0.622,0.418,0.631,Preparation
4.604604604604605,1.9243062304998728,4.8947529318245095,177.13429354393625,179.47578173418296,162.9964089451613,205.67827993292207,183.38498321548147,177.9737904278322,"0.518, 0.350","0.419, 0.357","0.509, 0.441","0.444, 0.441","0.508, 0.501","0.449, 0.502","0.537, 0.622","0.418, 0.631","0.505, 0.526","0.469, 0.522","0.560, 0.753","0.391, 0.758","0.459, 0.342",0.505,0.526,0.469,0.522,0.56,0.753,0.391,0.758,0.518,0.35,0.419,0.357,0.509,0.441,0.444,0.441,0.508,0.501,0.449,0.502,0.537,0.622,0.418,0.631,Preparation
4.637971304637971,2.19708636880718,4.998332364079088,176.91892927881236,179.4679408792201,163.09689178619135,206.10874390312807,183.7185515657521,177.72746457364323,"0.518, 0.350","0.418, 0.359","0.509, 0.441","0.444, 0.441","0.509, 0.501","0.449, 0.503","0.537, 0.622","0.417, 0.632","0.505, 0.526","0.470, 0.522","0.559, 0.753","0.391, 0.758","0.459, 0.345",0.505,0.526,0.47,0.522,0.559,0.753,0.391,0.758,0.518,0.35,0.418,0.359,0.509,0.441,0.444,0.441,0.509,0.501,0.449,0.503,0.537,0.622,0.417,0.632,Preparation
4.671338004671338,2.375679817043741,5.0835139745331,176.5393723407893,179.4181495355085,162.96424014360755,206.6412990273336,184.03869493955128,177.23641456898352,"0.518, 0.350","0.418, 0.361","0.509, 0.441","0.444, 0.442","0.509, 0.502","0.450, 0.504","0.538, 0.622","0.417, 0.633","0.505, 0.526","0.470, 0.522","0.560, 0.752","0.391, 0.758","0.459, 0.347",0.505,0.526,0.47,0.522,0.56,0.752,0.391,0.758,0.518,0.35,0.418,0.361,0.509,0.441,0.444,0.442,0.509,0.502,0.45,0.504,0.538,0.622,0.417,0.633,Preparation
4.704704704704705,2.4126468628521143,4.99480186968835,176.02487890257296,178.75800752493754,162.84078377766332,206.84838521313085,184.16764845013225,177.17598973840776,"0.519, 0.350","0.418, 0.363","0.509, 0.441","0.444, 0.444","0.509, 0.502","0.450, 0.504","0.538, 0.622","0.417, 0.634","0.506, 0.525","0.471, 0.523","0.560, 0.752","0.391, 0.758","0.459, 0.346",0.506,0.525,0.471,0.523,0.56,0.752,0.391,0.758,0.519,0.35,0.418,0.363,0.509,0.441,0.444,0.444,0.509,0.502,0.45,0.504,0.538,0.622,0.417,0.634,Preparation
4.738071404738071,2.4889008312316805,4.880661576927144,175.58243476340292,178.23212797824723,162.7082394325495,207.01462909277544,184.28303722591164,176.99664879945087,"0.519, 0.350","0.419, 0.364","0.509, 0.441","0.444, 0.445","0.509, 0.502","0.450, 0.504","0.538, 0.621","0.416, 0.634","0.506, 0.525","0.471, 0.523","0.560, 0.752","0.391, 0.758","0.459, 0.346",0.506,0.525,0.471,0.523,0.56,0.752,0.391,0.758,0.519,0.35,0.419,0.364,0.509,0.441,0.444,0.445,0.509,0.502,0.45,0.504,0.538,0.621,0.416,0.634,Preparation
4.771438104771439,2.652830770815246,4.57363804734868,175.07157779190763,177.1605672187052,162.65619348460913,206.7326975692241,184.3523285006397,176.85654151547877,"0.519, 0.350","0.420, 0.364","0.509, 0.441","0.444, 0.445","0.509, 0.501","0.450, 0.503","0.538, 0.621","0.416, 0.634","0.507, 0.524","0.472, 0.523","0.560, 0.752","0.391, 0.758","0.460, 0.345",0.507,0.524,0.472,0.523,0.56,0.752,0.391,0.758,0.519,0.35,0.42,0.364,0.509,0.441,0.444,0.445,0.509,0.501,0.45,0.503,0.538,0.621,0.416,0.634,Preparation
4.804804804804805,2.707313401485192,4.364255267395556,174.75610853873596,176.5372238077997,162.50639472530855,206.49695927203783,184.6070851971369,176.62750546285994,"0.519, 0.351","0.421, 0.365","0.509, 0.441","0.444, 0.445","0.509, 0.501","0.450, 0.503","0.538, 0.620","0.416, 0.634","0.507, 0.524","0.472, 0.523","0.559, 0.752","0.391, 0.757","0.461, 0.345",0.507,0.524,0.472,0.523,0.559,0.752,0.391,0.757,0.519,0.351,0.421,0.365,0.509,0.441,0.444,0.445,0.509,0.501,0.45,0.503,0.538,0.62,0.416,0.634,Preparation
4.838171504838172,1.692726383741568,4.482638014094144,174.90697447687924,177.3006845973831,162.39895376578076,206.66014525937635,184.2820038640136,176.69934715911822,"0.520, 0.351","0.421, 0.365","0.511, 0.441","0.446, 0.447","0.509, 0.497","0.450, 0.500","0.538, 0.620","0.416, 0.632","0.509, 0.524","0.473, 0.524","0.559, 0.752","0.391, 0.757","0.462, 0.344",0.509,0.524,0.473,0.524,0.559,0.752,0.391,0.757,0.52,0.351,0.421,0.365,0.511,0.441,0.446,0.447,0.509,0.497,0.45,0.5,0.538,0.62,0.416,0.632,Preparation
4.8715382048715385,1.3992511650120925,4.385232364300118,175.3683260852013,177.24715543211133,162.4286344201767,206.8255099927256,184.40132333239967,176.5852377924653,"0.520, 0.351","0.421, 0.365","0.511, 0.441","0.446, 0.447","0.509, 0.496","0.450, 0.499","0.539, 0.620","0.416, 0.632","0.510, 0.523","0.473, 0.525","0.559, 0.752","0.391, 0.756","0.465, 0.343",0.51,0.523,0.473,0.525,0.559,0.752,0.391,0.756,0.52,0.351,0.421,0.365,0.511,0.441,0.446,0.447,0.509,0.496,0.45,0.499,0.539,0.62,0.416,0.632,Preparation
4.904904904904905,1.3805147853351576,4.563846567353922,175.5498461689683,176.822441581821,161.77100137994069,206.54208407229663,185.19333601416724,176.56992373988254,"0.521, 0.351","0.421, 0.365","0.511, 0.441","0.446, 0.447","0.509, 0.495","0.450, 0.498","0.539, 0.620","0.416, 0.630","0.509, 0.523","0.474, 0.525","0.559, 0.752","0.391, 0.756","0.465, 0.344",0.509,0.523,0.474,0.525,0.559,0.752,0.391,0.756,0.521,0.351,0.421,0.365,0.511,0.441,0.446,0.447,0.509,0.495,0.45,0.498,0.539,0.62,0.416,0.63,Preparation
4.938271604938272,0.6487918937950756,5.358275704155503,176.45375548435354,177.37147556637305,161.00595295388993,206.21997420154628,186.2012569860893,176.82445267404634,"0.521, 0.350","0.421, 0.364","0.512, 0.441","0.446, 0.445","0.508, 0.495","0.449, 0.497","0.539, 0.619","0.415, 0.630","0.509, 0.523","0.475, 0.525","0.557, 0.751","0.389, 0.756","0.466, 0.346",0.509,0.523,0.475,0.525,0.557,0.751,0.389,0.756,0.521,0.35,0.421,0.364,0.512,0.441,0.446,0.445,0.508,0.495,0.449,0.497,0.539,0.619,0.415,0.63,Preparation
4.971638304971639,0.0612560865903221,6.891980712618705,177.08728313265703,178.38276844402245,159.77989022169183,204.5884650929437,187.3125204009413,178.0327025274624,"0.521, 0.350","0.421, 0.362","0.512, 0.441","0.446, 0.442","0.507, 0.495","0.446, 0.497","0.539, 0.619","0.414, 0.630","0.508, 0.522","0.475, 0.525","0.556, 0.751","0.387, 0.756","0.466, 0.348",0.508,0.522,0.475,0.525,0.556,0.751,0.387,0.756,0.521,0.35,0.421,0.362,0.512,0.441,0.446,0.442,0.507,0.495,0.446,0.497,0.539,0.619,0.414,0.63,Preparation
5.005005005005005,0.2648506456530721,7.536135939159656,177.42289386537064,178.97571251373654,159.08242944414528,204.0665749470606,187.9468720588017,178.61325925146113,"0.521, 0.350","0.420, 0.361","0.512, 0.441","0.446, 0.441","0.506, 0.495","0.446, 0.497","0.539, 0.619","0.414, 0.630","0.508, 0.522","0.475, 0.524","0.556, 0.750","0.386, 0.756","0.466, 0.348",0.508,0.522,0.475,0.524,0.556,0.75,0.386,0.756,0.521,0.35,0.42,0.361,0.512,0.441,0.446,0.441,0.506,0.495,0.446,0.497,0.539,0.619,0.414,0.63,Address
5.038371705038372,0.6621853420049159,8.209898679644093,178.57138663491173,179.64271682570322,158.6486744598867,203.8676717837293,188.0840676411457,178.59315943409123,"0.521, 0.349","0.419, 0.361","0.512, 0.441","0.446, 0.441","0.505, 0.495","0.444, 0.497","0.539, 0.619","0.413, 0.631","0.506, 0.523","0.475, 0.524","0.556, 0.750","0.386, 0.755","0.466, 0.349",0.506,0.523,0.475,0.524,0.556,0.75,0.386,0.755,0.521,0.349,0.419,0.361,0.512,0.441,0.446,0.441,0.505,0.495,0.444,0.497,0.539,0.619,0.413,0.631,Address
5.071738405071739,1.216702110592683,9.313604118214368,179.56724618403263,180.9933904685698,158.98809400508435,203.8174502038736,187.75215789878283,179.0245239593542,"0.520, 0.349","0.417, 0.361","0.512, 0.441","0.446, 0.440","0.505, 0.496","0.444, 0.500","0.539, 0.622","0.412, 0.634","0.506, 0.524","0.475, 0.524","0.556, 0.750","0.387, 0.754","0.463, 0.352",0.506,0.524,0.475,0.524,0.556,0.75,0.387,0.754,0.52,0.349,0.417,0.361,0.512,0.441,0.446,0.44,0.505,0.496,0.444,0.5,0.539,0.622,0.412,0.634,Address
5.105105105105105,1.3785943863910504,9.726441199879217,180.45499393944868,181.6396875712634,159.56134846512504,204.439570585916,187.5482072648332,179.25767732467688,"0.519, 0.347","0.415, 0.362","0.512, 0.440","0.446, 0.441","0.505, 0.496","0.443, 0.501","0.539, 0.623","0.412, 0.635","0.506, 0.524","0.475, 0.524","0.556, 0.748","0.386, 0.754","0.463, 0.355",0.506,0.524,0.475,0.524,0.556,0.748,0.386,0.754,0.519,0.347,0.415,0.362,0.512,0.44,0.446,0.441,0.505,0.496,0.443,0.501,0.539,0.623,0.412,0.635,Address
5.138471805138472,0.8570898762986026,10.382067860615308,179.4108506432466,182.4901825892371,159.94368196132777,204.97778953652812,187.16823561365624,178.63911718888096,"0.518, 0.347","0.414, 0.364","0.511, 0.440","0.445, 0.441","0.505, 0.496","0.443, 0.500","0.539, 0.623","0.411, 0.635","0.506, 0.525","0.475, 0.524","0.557, 0.746","0.386, 0.754","0.462, 0.356",0.506,0.525,0.475,0.524,0.557,0.746,0.386,0.754,0.518,0.347,0.414,0.364,0.511,0.44,0.445,0.441,0.505,0.496,0.443,0.5,0.539,0.623,0.411,0.635,Address
5.171838505171839,0.2588765750061884,10.435810079883176,177.19980738352544,182.01789114897943,159.0945694336116,205.05886969186275,188.26031382180483,178.49776087054252,"0.518, 0.347","0.414, 0.367","0.509, 0.439","0.444, 0.440","0.505, 0.495","0.442, 0.499","0.539, 0.615","0.410, 0.635","0.506, 0.520","0.473, 0.517","0.557, 0.745","0.386, 0.753","0.461, 0.356",0.506,0.52,0.473,0.517,0.557,0.745,0.386,0.753,0.518,0.347,0.414,0.367,0.509,0.439,0.444,0.44,0.505,0.495,0.442,0.499,0.539,0.615,0.41,0.635,Address
5.205205205205205,0.8967218684995445,10.44686727355035,175.82897318563718,181.907785627253,158.71246033731356,205.030219169435,188.6477972646129,178.55456356618703,"0.518, 0.347","0.414, 0.368","0.508, 0.438","0.443, 0.439","0.505, 0.495","0.442, 0.499","0.539, 0.612","0.410, 0.634","0.506, 0.518","0.472, 0.515","0.557, 0.744","0.386, 0.753","0.460, 0.355",0.506,0.518,0.472,0.515,0.557,0.744,0.386,0.753,0.518,0.347,0.414,0.368,0.508,0.438,0.443,0.439,0.505,0.495,0.442,0.499,0.539,0.612,0.41,0.634,Address
5.238571905238572,0.4545430646106114,9.681761165090176,177.448745365292,180.4792318945178,158.38992583500527,203.96489527082483,188.6720870255193,178.44773691933344,"0.517, 0.347","0.414, 0.367","0.508, 0.439","0.441, 0.439","0.504, 0.497","0.440, 0.499","0.538, 0.613","0.409, 0.634","0.504, 0.521","0.470, 0.516","0.556, 0.744","0.386, 0.753","0.456, 0.351",0.504,0.521,0.47,0.516,0.556,0.744,0.386,0.753,0.517,0.347,0.414,0.367,0.508,0.439,0.441,0.439,0.504,0.497,0.44,0.499,0.538,0.613,0.409,0.634,Address
5.271938605271939,2.6998276560641847,9.465423878737544,177.17647960931862,180.57390829224863,158.4129550762681,203.65689541150527,188.1180959234452,179.09975231672507,"0.514, 0.348","0.411, 0.370","0.502, 0.441","0.438, 0.441","0.501, 0.497","0.438, 0.499","0.537, 0.615","0.409, 0.635","0.495, 0.521","0.469, 0.521","0.556, 0.744","0.386, 0.753","0.455, 0.354",0.495,0.521,0.469,0.521,0.556,0.744,0.386,0.753,0.514,0.348,0.411,0.37,0.502,0.441,0.438,0.441,0.501,0.497,0.438,0.499,0.537,0.615,0.409,0.635,Address
5.305305305305305,2.0968298294271515,5.893772383621515,180.4892940580052,177.842773266285,156.80004280021276,203.18543932336488,189.16709910539336,179.8912623051117,"0.511, 0.349","0.408, 0.370","0.498, 0.447","0.433, 0.447","0.497, 0.497","0.436, 0.499","0.536, 0.616","0.409, 0.634","0.488, 0.524","0.462, 0.526","0.556, 0.744","0.386, 0.752","0.455, 0.352",0.488,0.524,0.462,0.526,0.556,0.744,0.386,0.752,0.511,0.349,0.408,0.37,0.498,0.447,0.433,0.447,0.497,0.497,0.436,0.499,0.536,0.616,0.409,0.634,Address
5.3386720053386725,1.2564777682800423,4.954523737200624,181.1369109996962,176.98085722308778,156.55493214314734,202.88006620884744,189.5513862138924,180.06673581879286,"0.510, 0.350","0.408, 0.370","0.499, 0.446","0.432, 0.450","0.496, 0.496","0.435, 0.499","0.536, 0.616","0.409, 0.632","0.488, 0.524","0.460, 0.527","0.556, 0.744","0.385, 0.751","0.455, 0.348",0.488,0.524,0.46,0.527,0.556,0.744,0.385,0.751,0.51,0.35,0.408,0.37,0.499,0.446,0.432,0.45,0.496,0.496,0.435,0.499,0.536,0.616,0.409,0.632,Address
5.372038705372039,2.6830757973945434,1.0915585038760027,183.15200993315256,175.45806447227986,158.15909522323204,202.52890570278004,188.19154216704,180.71587531263629,"0.508, 0.351","0.408, 0.370","0.496, 0.447","0.427, 0.451","0.497, 0.497","0.435, 0.500","0.536, 0.622","0.410, 0.632","0.482, 0.526","0.451, 0.528","0.556, 0.746","0.385, 0.751","0.452, 0.347",0.482,0.526,0.451,0.528,0.556,0.746,0.385,0.751,0.508,0.351,0.408,0.37,0.496,0.447,0.427,0.451,0.497,0.497,0.435,0.5,0.536,0.622,0.41,0.632,Address
5.405405405405405,2.7768605083124136,2.512481380329721,187.14334769460768,173.87047500446738,158.609369693288,204.43354408498897,187.84250718073903,178.69446594338845,"0.506, 0.351","0.407, 0.370","0.495, 0.445","0.421, 0.451","0.496, 0.502","0.435, 0.505","0.535, 0.627","0.407, 0.634","0.475, 0.526","0.442, 0.529","0.555, 0.746","0.383, 0.751","0.451, 0.345",0.475,0.526,0.442,0.529,0.555,0.746,0.383,0.751,0.506,0.351,0.407,0.37,0.495,0.445,0.421,0.451,0.496,0.502,0.435,0.505,0.535,0.627,0.407,0.634,Address
5.438772105438773,4.253467136493984,9.509051522756025,186.15083728419992,167.73508209410522,159.54502786857907,205.0087212121791,186.6347318788066,177.90216584957898,"0.505, 0.355","0.407, 0.372","0.493, 0.442","0.411, 0.451","0.496, 0.502","0.436, 0.505","0.533, 0.626","0.406, 0.630","0.475, 0.515","0.430, 0.527","0.555, 0.746","0.383, 0.747","0.451, 0.345",0.475,0.515,0.43,0.527,0.555,0.746,0.383,0.747,0.505,0.355,0.407,0.372,0.493,0.442,0.411,0.451,0.496,0.502,0.436,0.505,0.533,0.626,0.406,0.63,Address
5.472138805472139,4.803583251354225,12.911685050245367,191.36674210847005,168.0255215220403,160.2738944633081,206.3924381683944,185.1743007970892,175.72480143914262,"0.503, 0.359","0.407, 0.373","0.491, 0.442","0.406, 0.451","0.495, 0.502","0.436, 0.505","0.531, 0.626","0.405, 0.627","0.468, 0.507","0.420, 0.520","0.555, 0.746","0.384, 0.748","0.450, 0.345",0.468,0.507,0.42,0.52,0.555,0.746,0.384,0.748,0.503,0.359,0.407,0.373,0.491,0.442,0.406,0.451,0.495,0.502,0.436,0.505,0.531,0.626,0.405,0.627,Address
5.505505505505505,3.4673153095661293,15.054551157131652,196.69637892661137,171.68354022168944,161.0966647010777,206.0154671135693,184.3540325162511,175.4659247300536,"0.500, 0.358","0.407, 0.373","0.492, 0.428","0.403, 0.442","0.493, 0.498","0.435, 0.503","0.530, 0.626","0.405, 0.624","0.461, 0.502","0.410, 0.514","0.554, 0.746","0.385, 0.748","0.450, 0.346",0.461,0.502,0.41,0.514,0.554,0.746,0.385,0.748,0.5,0.358,0.407,0.373,0.492,0.428,0.403,0.442,0.493,0.498,0.435,0.503,0.53,0.626,0.405,0.624,Address
5.538872205538873,2.605050864961932,15.80169520902213,198.7959668394056,171.48466628647242,160.99532547523273,206.0000561521872,184.1845248762278,175.4271972762786,"0.500, 0.358","0.407, 0.373","0.493, 0.425","0.403, 0.438","0.492, 0.497","0.435, 0.501","0.529, 0.626","0.405, 0.622","0.457, 0.503","0.409, 0.511","0.554, 0.746","0.385, 0.748","0.451, 0.346",0.457,0.503,0.409,0.511,0.554,0.746,0.385,0.748,0.5,0.358,0.407,0.373,0.493,0.425,0.403,0.438,0.492,0.497,0.435,0.501,0.529,0.626,0.405,0.622,Address
5.572238905572239,1.5465689086404888,23.410016030598,202.65522526558948,169.26819622528927,161.1451928857199,205.68214471732205,183.6249003778727,175.2798616205135,"0.497, 0.356","0.405, 0.370","0.492, 0.422","0.392, 0.438","0.490, 0.497","0.434, 0.501","0.527, 0.625","0.404, 0.623","0.456, 0.493","0.391, 0.509","0.554, 0.747","0.385, 0.748","0.450, 0.339",0.456,0.493,0.391,0.509,0.554,0.747,0.385,0.748,0.497,0.356,0.405,0.37,0.492,0.422,0.392,0.438,0.49,0.497,0.434,0.501,0.527,0.625,0.404,0.623,Address
5.605605605605606,7.550754364073406,24.44121976694728,210.36931394788016,168.65431232287196,163.12584216824294,206.4299430427009,183.9229787262314,174.92016677130096,"0.491, 0.359","0.401, 0.361","0.481, 0.427","0.385, 0.438","0.490, 0.498","0.433, 0.501","0.527, 0.625","0.404, 0.623","0.420, 0.504","0.385, 0.510","0.554, 0.748","0.385, 0.748","0.448, 0.337",0.42,0.504,0.385,0.51,0.554,0.748,0.385,0.748,0.491,0.359,0.401,0.361,0.481,0.427,0.385,0.438,0.49,0.498,0.433,0.501,0.527,0.625,0.404,0.623,Address
5.638972305638973,15.174398220432629,28.965142151736547,212.40710691382148,172.95047753739132,166.0818952245777,206.5917970125027,182.7999282850546,173.46223495740242,"0.484, 0.360","0.402, 0.358","0.468, 0.430","0.378, 0.436","0.489, 0.498","0.433, 0.501","0.525, 0.625","0.403, 0.620","0.408, 0.488","0.370, 0.482","0.554, 0.748","0.385, 0.748","0.440, 0.332",0.408,0.488,0.37,0.482,0.554,0.748,0.385,0.748,0.484,0.36,0.402,0.358,0.468,0.43,0.378,0.436,0.489,0.498,0.433,0.501,0.525,0.625,0.403,0.62,Address
5.672339005672339,14.029034695888395,35.178607252427774,244.42024684192552,172.0348219130714,166.22158511352455,208.69645382985368,182.0873999592623,174.00223487121315,"0.483, 0.360","0.394, 0.359","0.468, 0.430","0.365, 0.437","0.488, 0.498","0.432, 0.501","0.524, 0.624","0.403, 0.619","0.421, 0.442","0.359, 0.468","0.554, 0.750","0.385, 0.748","0.436, 0.333",0.421,0.442,0.359,0.468,0.554,0.75,0.385,0.748,0.483,0.36,0.394,0.359,0.468,0.43,0.365,0.437,0.488,0.498,0.432,0.501,0.524,0.624,0.403,0.619,Toe-Up
5.705705705705706,11.7651703033513,35.81399816888704,255.0815159794529,155.07698629716353,165.94960967758738,209.928667515334,181.68214496647585,174.14290923098912,"0.483, 0.361","0.390, 0.360","0.472, 0.426","0.363, 0.437","0.487, 0.498","0.432, 0.501","0.522, 0.622","0.403, 0.618","0.431, 0.430","0.365, 0.460","0.554, 0.750","0.385, 0.749","0.437, 0.332",0.431,0.43,0.365,0.46,0.554,0.75,0.385,0.749,0.483,0.361,0.39,0.36,0.472,0.426,0.363,0.437,0.487,0.498,0.432,0.501,0.522,0.622,0.403,0.618,Toe-Up
5.739072405739073,34.31307148460003,32.262395887498705,214.8211480091655,188.3204067473065,166.96652323570044,205.38501218679235,180.8441422357991,174.91114169711702,"0.480, 0.362","0.399, 0.351","0.440, 0.427","0.369, 0.433","0.486, 0.498","0.431, 0.500","0.521, 0.622","0.404, 0.619","0.378, 0.454","0.353, 0.462","0.554, 0.750","0.386, 0.749","0.438, 0.306",0.378,0.454,0.353,0.462,0.554,0.75,0.386,0.749,0.48,0.362,0.399,0.351,0.44,0.427,0.369,0.433,0.486,0.498,0.431,0.5,0.521,0.622,0.404,0.619,Toe-Up
5.772439105772439,39.97721288540762,34.71973008941151,216.53190199932305,209.2730211627872,169.2624052072576,203.03098295552792,180.04649666786378,175.62080661289755,"0.476, 0.365","0.405, 0.353","0.430, 0.430","0.370, 0.429","0.487, 0.498","0.431, 0.500","0.520, 0.624","0.405, 0.619","0.340, 0.459","0.338, 0.453","0.554, 0.749","0.386, 0.750","0.433, 0.313",0.34,0.459,0.338,0.453,0.554,0.749,0.386,0.75,0.476,0.365,0.405,0.353,0.43,0.43,0.37,0.429,0.487,0.498,0.431,0.5,0.52,0.624,0.405,0.619,Toe-Up
5.805805805805806,34.05689441940931,41.192567674707824,107.66593912818716,214.72009993755407,170.2522977074421,200.9971013579364,178.40729667274408,177.0011270009448,"0.476, 0.365","0.408, 0.353","0.439, 0.430","0.373, 0.408","0.486, 0.500","0.432, 0.501","0.518, 0.625","0.407, 0.619","0.382, 0.418","0.326, 0.429","0.554, 0.748","0.386, 0.750","0.423, 0.314",0.382,0.418,0.326,0.429,0.554,0.748,0.386,0.75,0.476,0.365,0.408,0.353,0.439,0.43,0.373,0.408,0.486,0.5,0.432,0.501,0.518,0.625,0.407,0.619,Toe-Up
5.839172505839173,28.651381645721607,14.684440327552554,101.00846621264628,155.35452774227343,172.88415963885333,198.4355798888485,176.30235191725086,177.92613014814276,"0.467, 0.362","0.412, 0.347","0.443, 0.422","0.404, 0.407","0.484, 0.503","0.432, 0.502","0.514, 0.625","0.407, 0.624","0.394, 0.412","0.411, 0.428","0.553, 0.748","0.387, 0.751","0.420, 0.317",0.394,0.412,0.411,0.428,0.553,0.748,0.387,0.751,0.467,0.362,0.412,0.347,0.443,0.422,0.404,0.407,0.484,0.503,0.432,0.502,0.514,0.625,0.407,0.624,Toe-Up
5.872539205872539,26.14950165579108,11.963386487627975,93.4613409834158,143.35245406908922,173.09229035650247,196.6010682669984,175.913036989436,178.45604333281068,"0.466, 0.361","0.417, 0.345","0.446, 0.417","0.410, 0.405","0.483, 0.504","0.432, 0.503","0.513, 0.625","0.408, 0.627","0.401, 0.405","0.421, 0.424","0.553, 0.748","0.387, 0.752","0.416, 0.314",0.401,0.405,0.421,0.424,0.553,0.748,0.387,0.752,0.466,0.361,0.417,0.345,0.446,0.417,0.41,0.405,0.483,0.504,0.432,0.503,0.513,0.625,0.408,0.627,Toe-Up
5.9059059059059065,29.605127191253928,17.929822589431577,244.9124310102332,91.54267414184092,173.74132788159574,197.3606997416809,176.08916803791195,178.81076699353628,"0.461, 0.358","0.415, 0.345","0.439, 0.413","0.404, 0.399","0.482, 0.505","0.433, 0.504","0.514, 0.629","0.408, 0.632","0.402, 0.415","0.416, 0.402","0.553, 0.748","0.387, 0.752","0.412, 0.308",0.402,0.415,0.416,0.402,0.553,0.748,0.387,0.752,0.461,0.358,0.415,0.345,0.439,0.413,0.404,0.399,0.482,0.505,0.433,0.504,0.514,0.629,0.408,0.632,Mid-Backswing
5.939272605939273,23.812309793169337,25.70099581216533,242.7530622849412,84.69509373904381,173.3808709143861,194.5040046960724,175.6324483308736,178.85037955596658,"0.458, 0.358","0.424, 0.346","0.441, 0.416","0.404, 0.393","0.479, 0.508","0.433, 0.508","0.512, 0.632","0.407, 0.638","0.392, 0.426","0.388, 0.384","0.552, 0.749","0.387, 0.754","0.413, 0.307",0.392,0.426,0.388,0.384,0.552,0.749,0.387,0.754,0.458,0.358,0.424,0.346,0.441,0.416,0.404,0.393,0.479,0.508,0.433,0.508,0.512,0.632,0.407,0.638,Mid-Backswing
5.97263930597264,33.70004176716849,33.09955850274135,223.21970529435595,92.95855527346956,170.189083022752,192.28394452450743,178.47031750852247,177.6196437847311,"0.449, 0.356","0.436, 0.347","0.420, 0.416","0.406, 0.392","0.471, 0.510","0.435, 0.509","0.511, 0.634","0.407, 0.639","0.385, 0.429","0.386, 0.380","0.552, 0.750","0.387, 0.754","0.416, 0.304",0.385,0.429,0.386,0.38,0.552,0.75,0.387,0.754,0.449,0.356,0.436,0.347,0.42,0.416,0.406,0.392,0.471,0.51,0.435,0.509,0.511,0.634,0.407,0.639,Mid-Backswing
6.006006006006007,25.7215151812892,24.069079164376664,214.76586497115187,247.4409381736789,172.86742097540818,194.0337010045481,175.44286393732256,177.7415884930895,"0.449, 0.356","0.430, 0.348","0.429, 0.422","0.409, 0.397","0.473, 0.510","0.435, 0.509","0.508, 0.635","0.407, 0.639","0.392, 0.451","0.389, 0.397","0.551, 0.751","0.387, 0.754","0.412, 0.306",0.392,0.451,0.389,0.397,0.551,0.751,0.387,0.754,0.449,0.356,0.43,0.348,0.429,0.422,0.409,0.397,0.473,0.51,0.435,0.509,0.508,0.635,0.407,0.639,Mid-Backswing
6.039372706039373,60.53828308580598,75.20698260747044,101.60875439660482,96.95490574930572,172.58838937810512,196.4585149543717,174.53858250380023,178.2291138483184,"0.454, 0.355","0.419, 0.347","0.419, 0.382","0.386, 0.359","0.474, 0.510","0.433, 0.509","0.507, 0.635","0.407, 0.638","0.377, 0.346","0.379, 0.344","0.551, 0.751","0.387, 0.754","0.411, 0.307",0.377,0.346,0.379,0.344,0.551,0.751,0.387,0.754,0.454,0.355,0.419,0.347,0.419,0.382,0.386,0.359,0.474,0.51,0.433,0.509,0.507,0.635,0.407,0.638,Mid-Backswing
6.072739406072739,49.74188898291761,45.54693033064945,98.76030843533802,193.3522458836826,170.77157460811807,196.6138763322156,173.80919050445806,178.0999359829538,"0.461, 0.352","0.419, 0.351","0.422, 0.391","0.401, 0.372","0.475, 0.509","0.433, 0.509","0.507, 0.635","0.407, 0.637","0.376, 0.357","0.392, 0.378","0.550, 0.751","0.387, 0.754","0.412, 0.311",0.376,0.357,0.392,0.378,0.55,0.751,0.387,0.754,0.461,0.352,0.419,0.351,0.422,0.391,0.401,0.372,0.475,0.509,0.433,0.509,0.507,0.635,0.407,0.637,Mid-Backswing
6.106106106106107,46.81206890059673,13.271506943606813,94.90411635954048,250.9466498102817,170.7996456343344,196.4528226713469,173.26235155512902,177.12235229743263,"0.465, 0.349","0.423, 0.352","0.425, 0.393","0.418, 0.386","0.477, 0.511","0.435, 0.510","0.507, 0.636","0.407, 0.637","0.379, 0.357","0.403, 0.388","0.550, 0.751","0.387, 0.754","0.413, 0.311",0.379,0.357,0.403,0.388,0.55,0.751,0.387,0.754,0.465,0.349,0.423,0.352,0.425,0.393,0.418,0.386,0.477,0.511,0.435,0.51,0.507,0.636,0.407,0.637,Mid-Backswing
6.139472806139473,50.63489590689879,19.926660975043763,91.22140766615088,83.20132234267324,176.96572385711033,200.5404394339101,171.02163636489496,174.43787574076038,"0.463, 0.346","0.423, 0.351","0.427, 0.385","0.414, 0.389","0.485, 0.511","0.439, 0.510","0.509, 0.637","0.406, 0.634","0.379, 0.343","0.393, 0.381","0.550, 0.751","0.387, 0.753","0.403, 0.309",0.379,0.343,0.393,0.381,0.55,0.751,0.387,0.753,0.463,0.346,0.423,0.351,0.427,0.385,0.414,0.389,0.485,0.511,0.439,0.51,0.509,0.637,0.406,0.634,Mid-Backswing
6.172839506172839,33.18839743017386,23.150006804039943,79.1706885529772,69.04045774923745,174.09640464814973,203.309745053294,173.1319056514235,172.6930558778782,"0.478, 0.345","0.425, 0.349","0.457, 0.384","0.414, 0.388","0.492, 0.511","0.444, 0.509","0.515, 0.637","0.407, 0.632","0.426, 0.358","0.400, 0.378","0.550, 0.751","0.387, 0.753","0.412, 0.307",0.426,0.358,0.4,0.378,0.55,0.751,0.387,0.753,0.478,0.345,0.425,0.349,0.457,0.384,0.414,0.388,0.492,0.511,0.444,0.509,0.515,0.637,0.407,0.632,Mid-Backswing
6.206206206206207,23.234044920454323,20.212280653110884,73.8875388300755,65.89312670356006,175.08273544235502,205.08845956527287,173.8344718829261,171.9854752607809,"0.478, 0.342","0.425, 0.349","0.464, 0.385","0.416, 0.388","0.494, 0.511","0.446, 0.509","0.517, 0.636","0.408, 0.629","0.429, 0.361","0.401, 0.378","0.551, 0.751","0.387, 0.753","0.411, 0.303",0.429,0.361,0.401,0.378,0.551,0.751,0.387,0.753,0.478,0.342,0.425,0.349,0.464,0.385,0.416,0.388,0.494,0.511,0.446,0.509,0.517,0.636,0.408,0.629,Mid-Backswing
6.239572906239573,26.20617095764886,9.814642015719889,63.55787234169559,243.3050123658436,172.89009104517208,209.49791409989973,183.0648565970665,170.4415911760217,"0.477, 0.340","0.424, 0.342","0.457, 0.396","0.424, 0.396","0.498, 0.509","0.453, 0.507","0.530, 0.637","0.411, 0.623","0.428, 0.366","0.410, 0.403","0.553, 0.751","0.387, 0.753","0.404, 0.300",0.428,0.366,0.41,0.403,0.553,0.751,0.387,0.753,0.477,0.34,0.424,0.342,0.457,0.396,0.424,0.396,0.498,0.509,0.453,0.507,0.53,0.637,0.411,0.623,Top
6.27293960627294,9.581733056952116,10.36062575816884,257.4425734716344,105.89375036942356,168.22626301989925,208.30084978523,185.32634786559416,177.41676684692462,"0.496, 0.338","0.419, 0.343","0.488, 0.405","0.420, 0.405","0.504, 0.506","0.453, 0.505","0.538, 0.635","0.419, 0.624","0.477, 0.406","0.438, 0.409","0.557, 0.751","0.387, 0.753","0.430, 0.290",0.477,0.406,0.438,0.409,0.557,0.751,0.387,0.753,0.496,0.338,0.419,0.343,0.488,0.405,0.42,0.405,0.504,0.506,0.453,0.505,0.538,0.635,0.419,0.624,Mid-Downswing
6.306306306306307,0.7054586055495957,34.82241253432176,259.46562580271814,38.98857841920732,167.16478368638104,211.8058390601633,192.2253298122653,180.39614520117405,"0.503, 0.354","0.419, 0.378","0.508, 0.434","0.394, 0.452","0.513, 0.505","0.456, 0.505","0.551, 0.633","0.423, 0.628","0.478, 0.441","0.427, 0.430","0.560, 0.752","0.388, 0.754","0.459, 0.355",0.478,0.441,0.427,0.43,0.56,0.752,0.388,0.754,0.503,0.354,0.419,0.378,0.508,0.434,0.394,0.452,0.513,0.505,0.456,0.505,0.551,0.633,0.423,0.628,Mid-Downswing
6.339673006339673,19.313627427347072,31.369602563816635,188.2333706432798,126.73419903911868,165.30878752290343,205.94053872527243,195.85791850515773,193.98806899592145,"0.511, 0.358","0.417, 0.369","0.487, 0.440","0.398, 0.447","0.517, 0.495","0.458, 0.498","0.558, 0.626","0.439, 0.630","0.462, 0.492","0.425, 0.479","0.561, 0.751","0.388, 0.754","0.462, 0.339",0.462,0.492,0.425,0.479,0.561,0.751,0.388,0.754,0.511,0.358,0.417,0.369,0.487,0.44,0.398,0.447,0.517,0.495,0.458,0.498,0.558,0.626,0.439,0.63,Mid-Downswing
6.37303970637304,8.65763273239206,21.98350841683088,208.0783830230752,159.0045736272312,162.9582161977318,208.5995222263444,198.0295244738395,195.4730322669148,"0.522, 0.358","0.425, 0.368","0.511, 0.432","0.419, 0.450","0.523, 0.497","0.470, 0.506","0.565, 0.628","0.445, 0.639","0.484, 0.469","0.435, 0.502","0.563, 0.751","0.389, 0.753","0.469, 0.332",0.484,0.469,0.435,0.502,0.563,0.751,0.389,0.753,0.522,0.358,0.425,0.368,0.511,0.432,0.419,0.45,0.523,0.497,0.47,0.506,0.565,0.628,0.445,0.639,Mid-Downswing
6.406406406406407,20.577372064808287,25.56073468606291,13.931493764636809,113.87993199452823,170.3344310666523,207.90880352216328,190.4550271251389,203.8267024864933,"0.522, 0.356","0.431, 0.365","0.534, 0.384","0.422, 0.445","0.529, 0.498","0.479, 0.505","0.558, 0.628","0.457, 0.640","0.514, 0.358","0.456, 0.466","0.563, 0.756","0.389, 0.744","0.469, 0.325",0.514,0.358,0.456,0.466,0.563,0.756,0.389,0.744,0.522,0.356,0.431,0.365,0.534,0.384,0.422,0.445,0.529,0.498,0.479,0.505,0.558,0.628,0.457,0.64,Mid-Downswing
6.439773106439773,19.478532254388075,6.517615321756017,190.1046211909222,142.8241581744708,178.81003748439477,207.38548336973548,184.55533185243888,204.83437693344663,"0.513, 0.339","0.448, 0.359","0.538, 0.388","0.480, 0.437","0.535, 0.503","0.489, 0.505","0.554, 0.627","0.461, 0.642","0.556, 0.446","0.540, 0.473","0.563, 0.753","0.389, 0.739","0.484, 0.292",0.556,0.446,0.54,0.473,0.563,0.753,0.389,0.739,0.513,0.339,0.448,0.359,0.538,0.388,0.48,0.437,0.535,0.503,0.489,0.505,0.554,0.627,0.461,0.642,Impact
6.4731398064731405,37.56897158141032,30.097307130097366,216.8408980585048,146.6877471086716,179.21229540817112,208.31527723196703,181.22281357542053,201.1959064954704,"0.516, 0.349","0.455, 0.360","0.571, 0.406","0.499, 0.409","0.536, 0.525","0.491, 0.527","0.550, 0.637","0.456, 0.648","0.575, 0.438","0.563, 0.425","0.562, 0.753","0.388, 0.738","0.488, 0.289",0.575,0.438,0.563,0.425,0.562,0.753,0.388,0.738,0.516,0.349,0.455,0.36,0.571,0.406,0.499,0.409,0.536,0.525,0.491,0.527,0.55,0.637,0.456,0.648,Mid-Follow-Through
6.506506506506506,36.622146171363255,30.84815468331236,193.65779253276523,115.7913914935424,179.3715025549748,207.92546077857128,172.98527157403709,206.2756211112863,"0.521, 0.377","0.457, 0.381","0.549, 0.410","0.482, 0.407","0.530, 0.523","0.490, 0.524","0.539, 0.638","0.457, 0.650","0.560, 0.432","0.542, 0.388","0.562, 0.752","0.385, 0.732","0.495, 0.362",0.56,0.432,0.542,0.388,0.562,0.752,0.385,0.732,0.521,0.377,0.457,0.381,0.549,0.41,0.482,0.407,0.53,0.523,0.49,0.524,0.539,0.638,0.457,0.65,Mid-Follow-Through
6.539873206539873,67.85115206229112,92.71332198146489,140.74899330613886,192.3485984138144,184.08065617874863,204.73004421894777,173.70034544944406,206.0896615266633,"0.499, 0.347","0.478, 0.370","0.546, 0.358","0.555, 0.356","0.528, 0.522","0.498, 0.523","0.538, 0.635","0.459, 0.649","0.571, 0.345","0.627, 0.326","0.561, 0.752","0.383, 0.730","0.490, 0.326",0.571,0.345,0.627,0.326,0.561,0.752,0.383,0.73,0.499,0.347,0.478,0.37,0.546,0.358,0.555,0.356,0.528,0.522,0.498,0.523,0.538,0.635,0.459,0.649,Mid-Follow-Through
6.5732399065732405,29.35571313455467,95.72480358388331,202.63797257092463,189.2036635111879,184.18405981008945,204.7371249862306,173.1630890499726,205.91685123162097,"0.500, 0.346","0.481, 0.370","0.537, 0.394","0.557, 0.353","0.528, 0.524","0.500, 0.527","0.537, 0.635","0.460, 0.649","0.552, 0.445","0.631, 0.324","0.561, 0.750","0.380, 0.731","0.497, 0.323",0.552,0.445,0.631,0.324,0.561,0.75,0.38,0.731,0.5,0.346,0.481,0.37,0.537,0.394,0.557,0.353,0.528,0.524,0.5,0.527,0.537,0.635,0.46,0.649,Mid-Follow-Through
6.606606606606607,64.9942259748213,87.03046637890672,133.43700127184053,205.4444375815231,184.04741703901848,208.95399363744727,172.74739234547022,204.2020721905253,"0.499, 0.346","0.474, 0.349","0.550, 0.361","0.531, 0.342","0.527, 0.522","0.504, 0.523","0.536, 0.635","0.460, 0.649","0.596, 0.334","0.598, 0.300","0.561, 0.748","0.380, 0.733","0.489, 0.299",0.596,0.334,0.598,0.3,0.561,0.748,0.38,0.733,0.499,0.346,0.474,0.349,0.55,0.361,0.531,0.342,0.527,0.522,0.504,0.523,0.536,0.635,0.46,0.649,Mid-Follow-Through
6.639973306639973,55.20864089039539,107.5588243863468,113.31642786931192,218.77607132109583,186.1739279988957,202.6293314111078,172.53396555717367,205.74020311133089,"0.493, 0.347","0.501, 0.346","0.541, 0.368","0.550, 0.327","0.526, 0.518","0.512, 0.516","0.536, 0.629","0.472, 0.636","0.565, 0.346","0.581, 0.271","0.561, 0.746","0.381, 0.728","0.523, 0.290",0.565,0.346,0.581,0.271,0.561,0.746,0.381,0.728,0.493,0.347,0.501,0.346,0.541,0.368,0.55,0.327,0.526,0.518,0.512,0.516,0.536,0.629,0.472,0.636,Mid-Follow-Through
6.673340006673341,93.58203647851262,77.36273225066427,262.6922568540477,96.79032688474884,178.06583329546322,203.3478629349204,170.65421432828543,209.0468716298481,"0.525, 0.328","0.484, 0.331","0.552, 0.325","0.462, 0.340","0.528, 0.508","0.508, 0.506","0.535, 0.629","0.472, 0.634","0.554, 0.270","0.437, 0.292","0.561, 0.745","0.381, 0.726","0.511, 0.275",0.554,0.27,0.437,0.292,0.561,0.745,0.381,0.726,0.525,0.328,0.484,0.331,0.552,0.325,0.462,0.34,0.528,0.508,0.508,0.506,0.535,0.629,0.472,0.634,Mid-Follow-Through
6.706706706706707,65.99611748311108,45.740526738624204,28.665919823490867,30.09114632487747,174.9298260551311,199.0026979149538,170.57286669421345,213.2245928816714,"0.535, 0.317","0.486, 0.319","0.550, 0.325","0.473, 0.335","0.528, 0.501","0.508, 0.500","0.534, 0.625","0.481, 0.628","0.520, 0.283","0.485, 0.255","0.560, 0.745","0.382, 0.727","0.524, 0.265",0.52,0.283,0.485,0.255,0.56,0.745,0.382,0.727,0.535,0.317,0.486,0.319,0.55,0.325,0.473,0.335,0.528,0.501,0.508,0.5,0.534,0.625,0.481,0.628,Mid-Follow-Through
6.740073406740073,27.722660784612664,132.73125995515818,16.059499109134393,241.27021719365143,175.8636859820641,197.75722976070497,170.1249601264294,208.58803469902188,"0.532, 0.320","0.502, 0.317","0.544, 0.343","0.519, 0.300","0.528, 0.502","0.510, 0.502","0.533, 0.624","0.476, 0.630","0.515, 0.312","0.494, 0.216","0.560, 0.745","0.383, 0.727","0.536, 0.270",0.515,0.312,0.494,0.216,0.56,0.745,0.383,0.727,0.532,0.32,0.502,0.317,0.544,0.343,0.519,0.3,0.528,0.502,0.51,0.502,0.533,0.624,0.476,0.63,Mid-Follow-Through
6.773440106773441,238.99428842749165,155.19559762031437,136.4118341178872,220.90107707289133,178.4260583993833,199.9842172033026,168.06072154555548,205.2888646459656,"0.527, 0.320","0.504, 0.319","0.487, 0.296","0.513, 0.298","0.527, 0.503","0.514, 0.504","0.531, 0.624","0.476, 0.631","0.472, 0.241","0.491, 0.234","0.560, 0.745","0.382, 0.734","0.528, 0.268",0.472,0.241,0.491,0.234,0.56,0.745,0.382,0.734,0.527,0.32,0.504,0.319,0.487,0.296,0.513,0.298,0.527,0.503,0.514,0.504,0.531,0.624,0.476,0.631,Mid-Follow-Through
6.806806806806807,227.90906444931304,215.5960633376858,135.30447170778422,216.65044152334627,179.48063053978225,193.3047087420523,174.2543795754873,198.9198165313276,"0.491, 0.319","0.561, 0.314","0.451, 0.292","0.537, 0.265","0.514, 0.503","0.529, 0.502","0.531, 0.624","0.474, 0.632","0.441, 0.238","0.474, 0.232","0.560, 0.745","0.382, 0.734","0.555, 0.270",0.441,0.238,0.474,0.232,0.56,0.745,0.382,0.734,0.491,0.319,0.561,0.314,0.451,0.292,0.537,0.265,0.514,0.503,0.529,0.502,0.531,0.624,0.474,0.632,Mid-Follow-Through
6.840173506840173,230.60925428490256,224.5773805025604,124.71169250082596,215.36951166650093,177.5260286284664,195.52823688059203,177.26229770202008,194.82587230524587,"0.483, 0.318","0.574, 0.315","0.442, 0.293","0.549, 0.277","0.509, 0.502","0.538, 0.502","0.531, 0.624","0.472, 0.632","0.440, 0.253","0.485, 0.252","0.560, 0.747","0.383, 0.734","0.548, 0.270",0.44,0.253,0.485,0.252,0.56,0.747,0.383,0.734,0.483,0.318,0.574,0.315,0.442,0.293,0.549,0.277,0.509,0.502,0.538,0.502,0.531,0.624,0.472,0.632,Mid-Follow-Through
6.873540206873541,237.4715421610903,235.847679687987,120.5986198223394,205.47175341022543,177.3396834979674,197.0086823982485,176.62258388012523,192.80774050745435,"0.488, 0.318","0.578, 0.317","0.431, 0.290","0.550, 0.289","0.510, 0.502","0.541, 0.503","0.531, 0.625","0.471, 0.635","0.429, 0.265","0.481, 0.264","0.559, 0.748","0.382, 0.736","0.537, 0.272",0.429,0.265,0.481,0.264,0.559,0.748,0.382,0.736,0.488,0.318,0.578,0.317,0.431,0.29,0.55,0.289,0.51,0.502,0.541,0.503,0.531,0.625,0.471,0.635,Mid-Follow-Through
6.906906906906907,220.9880925543143,222.2412899489774,207.02178057500925,115.35077281785848,176.6574208977666,196.481883966454,176.181664060664,192.8794065214493,"0.491, 0.314","0.577, 0.315","0.450, 0.274","0.570, 0.304","0.510, 0.502","0.539, 0.504","0.530, 0.625","0.470, 0.635","0.444, 0.273","0.512, 0.310","0.559, 0.749","0.382, 0.737","0.544, 0.270",0.444,0.273,0.512,0.31,0.559,0.749,0.382,0.737,0.491,0.314,0.577,0.315,0.45,0.274,0.57,0.304,0.51,0.502,0.539,0.504,0.53,0.625,0.47,0.635,Mid-Follow-Through
6.9402736069402735,243.08458610528103,220.5492071477616,114.10187127228302,239.7372701296016,177.44865968241857,197.45795857599228,176.5747062921562,192.1979082505744,"0.489, 0.315","0.579, 0.314","0.432, 0.294","0.574, 0.305","0.511, 0.504","0.541, 0.505","0.530, 0.625","0.470, 0.636","0.430, 0.273","0.519, 0.304","0.558, 0.750","0.382, 0.737","0.540, 0.268",0.43,0.273,0.519,0.304,0.558,0.75,0.382,0.737,0.489,0.315,0.579,0.314,0.432,0.294,0.574,0.305,0.511,0.504,0.541,0.505,0.53,0.625,0.47,0.636,Mid-Follow-Through
6.973640306973641,253.1115657911552,40.12019487454848,90.06212816654222,53.55015591144103,177.2011577878747,196.9933593468729,176.7242583176269,192.60708842755008,"0.489, 0.312","0.577, 0.314","0.432, 0.301","0.598, 0.350","0.511, 0.504","0.540, 0.505","0.530, 0.625","0.470, 0.636","0.436, 0.279","0.549, 0.344","0.558, 0.750","0.382, 0.737","0.543, 0.266",0.436,0.279,0.549,0.344,0.558,0.75,0.382,0.737,0.489,0.312,0.577,0.314,0.432,0.301,0.598,0.35,0.511,0.504,0.54,0.505,0.53,0.625,0.47,0.636,Finish
7.007007007007007,255.10502875055263,36.61137625369694,100.37255698715542,35.49613003153619,176.18235895205066,197.8932415453569,177.1501041097874,191.3785293790284,"0.490, 0.313","0.580, 0.311","0.427, 0.303","0.593, 0.337","0.509, 0.503","0.542, 0.505","0.530, 0.625","0.469, 0.636","0.427, 0.277","0.553, 0.315","0.558, 0.751","0.382, 0.737","0.540, 0.265",0.427,0.277,0.553,0.315,0.558,0.751,0.382,0.737,0.49,0.313,0.58,0.311,0.427,0.303,0.593,0.337,0.509,0.503,0.542,0.505,0.53,0.625,0.469,0.636,Finish
7.040373707040375,260.7448027187395,17.536630419663005,91.6648519905201,35.87440953217888,175.78744214370505,198.74796489706213,177.85733168354213,190.7140113923001,"0.488, 0.314","0.578, 0.312","0.427, 0.310","0.582, 0.344","0.508, 0.504","0.542, 0.505","0.530, 0.625","0.468, 0.636","0.428, 0.278","0.551, 0.311","0.558, 0.751","0.382, 0.737","0.552, 0.265",0.428,0.278,0.551,0.311,0.558,0.751,0.382,0.737,0.488,0.314,0.578,0.312,0.427,0.31,0.582,0.344,0.508,0.504,0.542,0.505,0.53,0.625,0.468,0.636,Finish
7.073740407073741,255.9575323226697,21.712791403615512,98.76979013768506,17.06111948797886,175.82199387128085,199.23978828331752,177.96609471449707,190.59493567422544,"0.489, 0.315","0.575, 0.313","0.434, 0.307","0.581, 0.345","0.509, 0.504","0.541, 0.505","0.530, 0.624","0.468, 0.635","0.434, 0.279","0.563, 0.311","0.558, 0.751","0.383, 0.737","0.553, 0.266",0.434,0.279,0.563,0.311,0.558,0.751,0.383,0.737,0.489,0.315,0.575,0.313,0.434,0.307,0.581,0.345,0.509,0.504,0.541,0.505,0.53,0.624,0.468,0.635,Finish
7.107107107107107,249.51599177192887,24.9111667114094,106.58725881982298,7.68761364932583,175.64618741161678,198.87699724782047,178.27116337018347,190.5973700773198,"0.489, 0.315","0.574, 0.314","0.437, 0.301","0.582, 0.344","0.509, 0.504","0.540, 0.505","0.530, 0.623","0.467, 0.635","0.436, 0.279","0.568, 0.310","0.557, 0.751","0.383, 0.737","0.553, 0.267",0.436,0.279,0.568,0.31,0.557,0.751,0.383,0.737,0.489,0.315,0.574,0.314,0.437,0.301,0.582,0.344,0.509,0.504,0.54,0.505,0.53,0.623,0.467,0.635,Finish
7.1404738071404745,57.9002907667208,50.797888744264974,15.177686129509848,10.496674574778686,174.6543714381438,197.26840767515927,179.1408264615276,190.48944589300405,"0.489, 0.315","0.579, 0.312","0.456, 0.340","0.599, 0.336","0.507, 0.504","0.539, 0.506","0.530, 0.623","0.466, 0.636","0.488, 0.299","0.581, 0.303","0.557, 0.751","0.383, 0.737","0.552, 0.266",0.488,0.299,0.581,0.303,0.557,0.751,0.383,0.737,0.489,0.315,0.579,0.312,0.456,0.34,0.599,0.336,0.507,0.504,0.539,0.506,0.53,0.623,0.466,0.636,Finish
7.173840507173841,69.1780597174665,56.49109449514131,22.409478572819435,17.095782402237823,174.79223148312602,197.04047697073065,179.28749197538286,189.5311682366597,"0.488, 0.315","0.581, 0.311","0.454, 0.333","0.599, 0.329","0.507, 0.504","0.539, 0.506","0.530, 0.624","0.466, 0.636","0.485, 0.297","0.579, 0.291","0.557, 0.751","0.383, 0.738","0.551, 0.266",0.485,0.297,0.579,0.291,0.557,0.751,0.383,0.738,0.488,0.315,0.581,0.311,0.454,0.333,0.599,0.329,0.507,0.504,0.539,0.506,0.53,0.624,0.466,0.636,Finish
7.207207207207207,33.92811742476141,72.10520558430919,2.207260275882988,33.21286809893806,174.3202592043199,196.98685584063372,180.68618435456565,189.7316048761681,"0.489, 0.315","0.578, 0.309","0.474, 0.343","0.610, 0.327","0.508, 0.504","0.537, 0.504","0.532, 0.621","0.466, 0.635","0.498, 0.303","0.592, 0.292","0.557, 0.751","0.383, 0.739","0.551, 0.264",0.498,0.303,0.592,0.292,0.557,0.751,0.383,0.739,0.489,0.315,0.578,0.309,0.474,0.343,0.61,0.327,0.508,0.504,0.537,0.504,0.532,0.621,0.466,0.635,Finish
7.240573907240575,19.03214075526308,71.52663995312697,29.550283216982688,33.54466172673281,173.9405524182864,196.0708695100008,181.4120484942532,190.8168976980917,"0.491, 0.315","0.576, 0.308","0.481, 0.355","0.609, 0.327","0.509, 0.504","0.536, 0.503","0.533, 0.620","0.468, 0.633","0.504, 0.330","0.595, 0.298","0.556, 0.751","0.383, 0.739","0.553, 0.263",0.504,0.33,0.595,0.298,0.556,0.751,0.383,0.739,0.491,0.315,0.576,0.308,0.481,0.355,0.609,0.327,0.509,0.504,0.536,0.503,0.533,0.62,0.468,0.633,Finish
7.273940607273941,17.49593686696004,64.21095812602485,34.91143244058043,26.52277991194348,174.00655143649095,196.0189838679572,181.78194559541865,190.28051164185305,"0.491, 0.315","0.579, 0.307","0.478, 0.373","0.610, 0.332","0.509, 0.505","0.536, 0.504","0.533, 0.620","0.467, 0.633","0.501, 0.352","0.601, 0.312","0.556, 0.751","0.383, 0.739","0.552, 0.263",0.501,0.352,0.601,0.312,0.556,0.751,0.383,0.739,0.491,0.315,0.579,0.307,0.478,0.373,0.61,0.332,0.509,0.505,0.536,0.504,0.533,0.62,0.467,0.633,Finish
7.307307307307307,30.30622940886793,63.29885476315764,3.422203637920913,37.057339531993385,175.13994846703045,197.1954274684716,181.08801893880084,190.3604223651457,"0.491, 0.313","0.574, 0.308","0.476, 0.347","0.608, 0.334","0.511, 0.505","0.536, 0.504","0.534, 0.620","0.467, 0.633","0.500, 0.300","0.601, 0.310","0.556, 0.750","0.383, 0.738","0.555, 0.263",0.5,0.3,0.601,0.31,0.556,0.75,0.383,0.738,0.491,0.313,0.574,0.308,0.476,0.347,0.608,0.334,0.511,0.505,0.536,0.504,0.534,0.62,0.467,0.633,Finish
7.340674007340675,2.0928760087267504,19.87415757241594,75.85358367828532,192.15720638450844,176.27771206482564,197.5966063622632,180.00633967142377,190.33910624329425,"0.493, 0.312","0.572, 0.308","0.497, 0.367","0.589, 0.412","0.514, 0.506","0.536, 0.504","0.534, 0.621","0.467, 0.633","0.502, 0.365","0.586, 0.489","0.556, 0.750","0.383, 0.738","0.554, 0.263",0.502,0.365,0.586,0.489,0.556,0.75,0.383,0.738,0.493,0.312,0.572,0.308,0.497,0.367,0.589,0.412,0.514,0.506,0.536,0.504,0.534,0.621,0.467,0.633,Finish
7.374040707374041,4.336808171741743,27.48985551423601,12.68043513027378,213.0405623731081,177.2161478302908,195.93962281039563,178.76286015050457,191.1059804585101,"0.493, 0.308","0.573, 0.307","0.493, 0.330","0.602, 0.405","0.513, 0.500","0.535, 0.500","0.533, 0.621","0.468, 0.630","0.499, 0.302","0.584, 0.464","0.556, 0.750","0.383, 0.739","0.553, 0.263",0.499,0.302,0.584,0.464,0.556,0.75,0.383,0.739,0.493,0.308,0.573,0.307,0.493,0.33,0.602,0.405,0.513,0.5,0.535,0.5,0.533,0.621,0.468,0.63,Finish
7.407407407407407,13.109139862892771,22.227215816900685,7.046614592260148,195.8050406031618,177.84851428083869,193.1206012121628,178.19499902691376,192.9703164858209,"0.493, 0.309","0.570, 0.307","0.489, 0.340","0.589, 0.410","0.514, 0.499","0.530, 0.498","0.533, 0.621","0.469, 0.630","0.497, 0.309","0.581, 0.494","0.556, 0.750","0.383, 0.740","0.552, 0.263",0.497,0.309,0.581,0.494,0.556,0.75,0.383,0.74,0.493,0.309,0.57,0.307,0.489,0.34,0.589,0.41,0.514,0.499,0.53,0.498,0.533,0.621,0.469,0.63,Finish
7.440774107440775,16.544229984993173,19.44445937752436,5.207848958011704,189.7451183580528,178.59324617908706,191.71305999047365,177.77415864298064,194.5235383925443,"0.493, 0.309","0.568, 0.307","0.487, 0.340","0.582, 0.410","0.515, 0.497","0.529, 0.495","0.532, 0.619","0.471, 0.628","0.496, 0.309","0.579, 0.496","0.556, 0.750","0.383, 0.740","0.553, 0.263",0.496,0.309,0.579,0.496,0.556,0.75,0.383,0.74,0.493,0.309,0.568,0.307,0.487,0.34,0.582,0.41,0.515,0.497,0.529,0.495,0.532,0.619,0.471,0.628,Finish
7.474140807474141,22.12359427632383,12.508211635328442,5.311783553795868,184.0342281345456,180.2219839304774,193.4940384103367,175.99459147407393,196.0358178696245,"0.497, 0.308","0.554, 0.307","0.489, 0.339","0.561, 0.410","0.519, 0.497","0.525, 0.494","0.532, 0.619","0.471, 0.628","0.495, 0.304","0.560, 0.498","0.556, 0.749","0.382, 0.740","0.562, 0.263",0.495,0.304,0.56,0.498,0.556,0.749,0.382,0.74,0.497,0.308,0.554,0.307,0.489,0.339,0.561,0.41,0.519,0.497,0.525,0.494,0.532,0.619,0.471,0.628,Finish
7.5075075075075075,1.8602450534949453,6.7205831340919095,167.12657783697105,173.26214568183275,179.68219561688477,194.30557230235027,176.0963473564607,197.67149342750488,"0.499, 0.307","0.544, 0.307","0.503, 0.364","0.545, 0.410","0.519, 0.496","0.523, 0.492","0.533, 0.618","0.471, 0.628","0.511, 0.390","0.555, 0.497","0.556, 0.749","0.382, 0.739","0.565, 0.264",0.511,0.39,0.555,0.497,0.556,0.749,0.382,0.739,0.499,0.307,0.544,0.307,0.503,0.364,0.545,0.41,0.519,0.496,0.523,0.492,0.533,0.618,0.471,0.628,Finish
7.540874207540875,45.28492277102049,2.192469487531689,3.638725744436735,106.81579331246066,180.35348627241447,193.7646396132369,175.53534711341342,198.2983788774129,"0.500, 0.307","0.545, 0.308","0.465, 0.350","0.538, 0.382","0.520, 0.497","0.522, 0.493","0.533, 0.619","0.471, 0.628","0.504, 0.296","0.553, 0.388","0.556, 0.749","0.382, 0.738","0.567, 0.262",0.504,0.296,0.553,0.388,0.556,0.749,0.382,0.738,0.5,0.307,0.545,0.308,0.465,0.35,0.538,0.382,0.52,0.497,0.522,0.493,0.533,0.619,0.471,0.628,Finish
7.574240907574241,57.90666771473905,27.192274930517705,15.915197221184938,10.862645818447,180.8888992233097,195.21406065251827,174.84532540116268,198.0080589912197,"0.502, 0.307","0.541, 0.308","0.454, 0.344","0.512, 0.352","0.522, 0.498","0.522, 0.494","0.533, 0.620","0.470, 0.629","0.499, 0.284","0.531, 0.305","0.556, 0.749","0.382, 0.737","0.568, 0.262",0.499,0.284,0.531,0.305,0.556,0.749,0.382,0.737,0.502,0.307,0.541,0.308,0.454,0.344,0.512,0.352,0.522,0.498,0.522,0.494,0.533,0.62,0.47,0.629,Finish
7.607607607607608,64.06719482770654,34.21977097629597,18.203651869970585,26.49173975938628,181.88641995793364,195.3015040965497,174.3028888405284,198.43780632886748,"0.502, 0.307","0.537, 0.308","0.451, 0.339","0.527, 0.320","0.523, 0.498","0.520, 0.494","0.533, 0.620","0.469, 0.629","0.497, 0.283","0.531, 0.303","0.556, 0.749","0.382, 0.736","0.566, 0.262",0.497,0.283,0.531,0.303,0.556,0.749,0.382,0.736,0.502,0.307,0.537,0.308,0.451,0.339,0.527,0.32,0.523,0.498,0.52,0.494,0.533,0.62,0.469,0.629,Finish
7.640974307640975,65.51543032070425,79.05147596055482,22.529465344743688,16.059541637993785,182.10021979625813,195.9216998133481,174.30012657798778,199.1135546276739,"0.501, 0.307","0.535, 0.308","0.455, 0.335","0.576, 0.319","0.523, 0.498","0.520, 0.494","0.533, 0.620","0.469, 0.629","0.493, 0.283","0.532, 0.292","0.556, 0.749","0.380, 0.736","0.565, 0.262",0.493,0.283,0.532,0.292,0.556,0.749,0.38,0.736,0.501,0.307,0.535,0.308,0.455,0.335,0.576,0.319,0.523,0.498,0.52,0.494,0.533,0.62,0.469,0.629,Finish
7.674341007674341,1.7574594065737992,77.4822412636142,171.49985254485236,26.250400018480725,180.60909844996664,196.25080707519723,174.594031266374,199.3286559477611,"0.507, 0.307","0.532, 0.309","0.512, 0.396","0.586, 0.325","0.524, 0.498","0.519, 0.494","0.533, 0.620","0.469, 0.629","0.528, 0.472","0.555, 0.296","0.556, 0.749","0.380, 0.735","0.566, 0.262",0.528,0.472,0.555,0.296,0.556,0.749,0.38,0.735,0.507,0.307,0.532,0.309,0.512,0.396,0.586,0.325,0.524,0.498,0.519,0.494,0.533,0.62,0.469,0.629,Finish
7.707707707707708,1.9422847753997456,71.34592772467084,176.71992173285565,57.44680472013945,180.93331716101548,196.1129628196429,174.25873884948086,199.10323494703363,"0.508, 0.308","0.533, 0.309","0.519, 0.402","0.584, 0.331","0.525, 0.498","0.519, 0.494","0.533, 0.620","0.469, 0.628","0.535, 0.487","0.581, 0.314","0.556, 0.749","0.381, 0.735","0.567, 0.262",0.535,0.487,0.581,0.314,0.556,0.749,0.381,0.735,0.508,0.308,0.533,0.309,0.519,0.402,0.584,0.331,0.525,0.498,0.519,0.494,0.533,0.62,0.469,0.628,Finish
7.741074407741075,4.325280277333374,17.987484199373913,179.69690943014453,197.95711095911503,181.18826987960227,195.8830036639569,174.0538298419055,198.7849622800413,"0.508, 0.308","0.534, 0.310","0.524, 0.404","0.558, 0.411","0.525, 0.498","0.519, 0.494","0.533, 0.619","0.469, 0.628","0.539, 0.493","0.551, 0.499","0.556, 0.749","0.381, 0.735","0.568, 0.261",0.539,0.493,0.551,0.499,0.556,0.749,0.381,0.735,0.508,0.308,0.534,0.31,0.524,0.404,0.558,0.411,0.525,0.498,0.519,0.494,0.533,0.619,0.469,0.628,Finish
7.774441107774441,2.994827821697785,18.7961504416986,176.7174396013881,189.46667497903047,181.22966005392544,195.67014607943284,174.11949374183345,198.56506643515652,"0.508, 0.309","0.535, 0.310","0.522, 0.404","0.560, 0.411","0.525, 0.499","0.519, 0.494","0.533, 0.619","0.469, 0.628","0.539, 0.488","0.564, 0.466","0.556, 0.748","0.381, 0.735","0.568, 0.261",0.539,0.488,0.564,0.466,0.556,0.748,0.381,0.735,0.508,0.309,0.535,0.31,0.522,0.404,0.56,0.411,0.525,0.499,0.519,0.494,0.533,0.619,0.469,0.628,Finish
7.807807807807809,1.0335102833927254,30.64835796422868,170.88184306446402,176.26134250609093,181.0887462631564,195.37790396820475,174.3251332028266,198.44522177408024,"0.508, 0.309","0.537, 0.310","0.516, 0.416","0.576, 0.393","0.525, 0.498","0.520, 0.494","0.533, 0.618","0.469, 0.628","0.535, 0.498","0.589, 0.416","0.556, 0.748","0.381, 0.735","0.569, 0.262",0.535,0.498,0.589,0.416,0.556,0.748,0.381,0.735,0.508,0.309,0.537,0.31,0.516,0.416,0.576,0.393,0.525,0.498,0.52,0.494,0.533,0.618,0.469,0.628,Finish
7.841174507841175,1.4067191506668113,60.58511769108081,171.23877077530528,46.03234722595012,179.52917548410073,195.2695544658841,175.368203195333,198.3033121047416,"0.507, 0.310","0.538, 0.309","0.513, 0.411","0.587, 0.344","0.523, 0.498","0.520, 0.494","0.533, 0.619","0.469, 0.628","0.532, 0.501","0.584, 0.319","0.556, 0.748","0.382, 0.735","0.568, 0.264",0.532,0.501,0.584,0.319,0.556,0.748,0.382,0.735,0.507,0.31,0.538,0.309,0.513,0.411,0.587,0.344,0.523,0.498,0.52,0.494,0.533,0.619,0.469,0.628,Finish
7.874541207874541,1.336256306380235,65.01496247252804,170.20643899420872,55.17330920796258,180.49819791534065,195.24508270853767,174.83971743178972,198.03367796142533,"0.507, 0.310","0.538, 0.308","0.514, 0.411","0.601, 0.345","0.524, 0.498","0.520, 0.493","0.533, 0.619","0.469, 0.628","0.535, 0.500","0.598, 0.306","0.556, 0.748","0.382, 0.736","0.568, 0.265",0.535,0.5,0.598,0.306,0.556,0.748,0.382,0.736,0.507,0.31,0.538,0.308,0.514,0.411,0.601,0.345,0.524,0.498,0.52,0.493,0.533,0.619,0.469,0.628,Finish
7.907907907907909,1.807570196158788,59.34391086320981,168.8620881479949,66.92015537975529,181.333071109996,195.41203406186327,174.40995252275394,197.7889454987036,"0.507, 0.313","0.538, 0.308","0.513, 0.409","0.596, 0.351","0.525, 0.498","0.520, 0.493","0.534, 0.619","0.468, 0.628","0.536, 0.497","0.600, 0.334","0.556, 0.748","0.382, 0.736","0.568, 0.264",0.536,0.497,0.6,0.334,0.556,0.748,0.382,0.736,0.507,0.313,0.538,0.308,0.513,0.409,0.596,0.351,0.525,0.498,0.52,0.493,0.534,0.619,0.468,0.628,Finish
7.941274607941275,2.0711938445510767,56.89056558715137,169.26428005571552,65.55114180567699,181.60527566768744,195.4209174030034,174.23954221356712,197.7095633143184,"0.507, 0.314","0.538, 0.308","0.513, 0.408","0.594, 0.353","0.525, 0.498","0.520, 0.493","0.534, 0.620","0.468, 0.628","0.535, 0.496","0.597, 0.342","0.556, 0.748","0.382, 0.736","0.568, 0.264",0.535,0.496,0.597,0.342,0.556,0.748,0.382,0.736,0.507,0.314,0.538,0.308,0.513,0.408,0.594,0.353,0.525,0.498,0.52,0.493,0.534,0.62,0.468,0.628,Finish
7.974641307974641,2.497542751020329,58.93951109491679,168.75491353952967,57.39447400637851,181.39650794346403,195.4890733809316,174.53745591199404,197.50904534698992,"0.506, 0.315","0.539, 0.308","0.511, 0.408","0.601, 0.354","0.524, 0.498","0.521, 0.493","0.534, 0.620","0.468, 0.628","0.534, 0.496","0.602, 0.332","0.556, 0.748","0.382, 0.736","0.568, 0.264",0.534,0.496,0.602,0.332,0.556,0.748,0.382,0.736,0.506,0.315,0.539,0.308,0.511,0.408,0.601,0.354,0.524,0.498,0.521,0.493,0.534,0.62,0.468,0.628,Finish
8.008008008008009,2.11932834275377,57.93684360512363,170.68243306777913,52.140083458320575,181.7321708070939,195.5905172865284,174.34674928267003,197.27615200228988,"0.506, 0.315","0.539, 0.308","0.512, 0.409","0.600, 0.355","0.525, 0.498","0.521, 0.493","0.534, 0.621","0.468, 0.629","0.533, 0.500","0.600, 0.335","0.556, 0.748","0.382, 0.736","0.567, 0.264",0.533,0.5,0.6,0.335,0.556,0.748,0.382,0.736,0.506,0.315,0.539,0.308,0.512,0.409,0.6,0.355,0.525,0.498,0.521,0.493,0.534,0.621,0.468,0.629,Finish
8.041374708041374,1.6724958831636925,54.63957971046979,169.46210899565708,35.43290932820527,181.7257344545188,195.4271616395184,174.52495744076225,197.23687236212984,"0.505, 0.315","0.541, 0.308","0.512, 0.406","0.606, 0.365","0.525, 0.498","0.521, 0.492","0.534, 0.621","0.468, 0.629","0.533, 0.485","0.598, 0.334","0.556, 0.748","0.382, 0.736","0.567, 0.264",0.533,0.485,0.598,0.334,0.556,0.748,0.382,0.736,0.505,0.315,0.541,0.308,0.512,0.406,0.606,0.365,0.525,0.498,0.521,0.492,0.534,0.621,0.468,0.629,Finish
8.074741408074741,3.030045359116775,50.96522888472046,162.32092397964303,22.11006048497362,181.8204006224444,195.58879857912967,174.46862600854683,197.4173795383336,"0.505, 0.316","0.542, 0.308","0.510, 0.409","0.607, 0.374","0.525, 0.499","0.522, 0.494","0.534, 0.622","0.467, 0.630","0.533, 0.469","0.597, 0.348","0.556, 0.748","0.382, 0.735","0.566, 0.263",0.533,0.469,0.597,0.348,0.556,0.748,0.382,0.735,0.505,0.316,0.542,0.308,0.51,0.409,0.607,0.374,0.525,0.499,0.522,0.494,0.534,0.622,0.467,0.63,Finish
8.108108108108109,4.433046833403784,49.76188825116358,152.00141673087688,15.307538325451684,181.9204564257647,195.74328419586544,174.4388383405173,197.4133603312368,"0.505, 0.316","0.543, 0.308","0.508, 0.408","0.607, 0.376","0.525, 0.499","0.522, 0.495","0.534, 0.624","0.467, 0.630","0.534, 0.453","0.596, 0.355","0.555, 0.748","0.381, 0.735","0.566, 0.262",0.534,0.453,0.596,0.355,0.555,0.748,0.381,0.735,0.505,0.316,0.543,0.308,0.508,0.408,0.607,0.376,0.525,0.499,0.522,0.495,0.534,0.624,0.467,0.63,Finish
8.141474808141476,8.727109946483735,48.04286402550268,155.74250650317506,2.992036454713193,182.04796649976663,196.05616554759376,174.44704661159793,197.20030776838388,"0.504, 0.316","0.544, 0.308","0.500, 0.417","0.606, 0.378","0.525, 0.500","0.523, 0.496","0.534, 0.625","0.467, 0.631","0.525, 0.479","0.583, 0.354","0.555, 0.748","0.381, 0.735","0.566, 0.261",0.525,0.479,0.583,0.354,0.555,0.748,0.381,0.735,0.504,0.316,0.544,0.308,0.5,0.417,0.606,0.378,0.525,0.5,0.523,0.496,0.534,0.625,0.467,0.631,Finish
8.174841508174842,8.40762462839993,48.204769265387874,152.97559171500956,0.2943614146871817,182.0104176631869,196.2953364008493,174.47697541232645,196.8966007590369,"0.504, 0.316","0.544, 0.308","0.501, 0.416","0.607, 0.379","0.525, 0.500","0.523, 0.496","0.534, 0.625","0.466, 0.632","0.527, 0.473","0.582, 0.350","0.555, 0.748","0.380, 0.735","0.566, 0.261",0.527,0.473,0.582,0.35,0.555,0.748,0.38,0.735,0.504,0.316,0.544,0.308,0.501,0.416,0.607,0.379,0.525,0.5,0.523,0.496,0.534,0.625,0.466,0.632,Finish
8.208208208208209,8.068398772848232,47.65699951540169,130.8155602083406,2.897680282376779,181.6016618113296,196.29508669932528,175.1205588432634,196.7515368441505,"0.503, 0.316","0.544, 0.308","0.500, 0.413","0.607, 0.379","0.524, 0.500","0.523, 0.496","0.534, 0.625","0.466, 0.631","0.533, 0.444","0.584, 0.350","0.555, 0.748","0.380, 0.735","0.565, 0.261",0.533,0.444,0.584,0.35,0.555,0.748,0.38,0.735,0.503,0.316,0.544,0.308,0.5,0.413,0.607,0.379,0.524,0.5,0.523,0.496,0.534,0.625,0.466,0.631,Finish
8.241574908241576,1.795586846330682,47.92804415577189,113.36143669769704,74.62737069645915,182.3494664264896,196.41256431988407,174.82634121070564,196.9990677816631,"0.503, 0.316","0.543, 0.308","0.510, 0.397","0.606, 0.378","0.525, 0.498","0.523, 0.494","0.534, 0.624","0.466, 0.631","0.558, 0.413","0.612, 0.369","0.555, 0.748","0.379, 0.735","0.565, 0.261",0.558,0.413,0.612,0.369,0.555,0.748,0.379,0.735,0.503,0.316,0.543,0.308,0.51,0.397,0.606,0.378,0.525,0.498,0.523,0.494,0.534,0.624,0.466,0.631,Finish
8.274941608274942,2.2454229036704194,47.674419653284055,131.50538018781214,49.16417456060209,182.7714538379098,196.13238468534664,175.07609652242058,197.117376827912,"0.503, 0.316","0.543, 0.308","0.510, 0.399","0.605, 0.378","0.525, 0.496","0.523, 0.492","0.535, 0.623","0.467, 0.629","0.551, 0.430","0.609, 0.350","0.555, 0.748","0.380, 0.735","0.565, 0.261",0.551,0.43,0.609,0.35,0.555,0.748,0.38,0.735,0.503,0.316,0.543,0.308,0.51,0.399,0.605,0.378,0.525,0.496,0.523,0.492,0.535,0.623,0.467,0.629,Finish
8.308308308308309,1.4222077772663828,46.70930313431354,146.82219915943625,113.58902951548586,183.8935381268689,195.46144731026223,174.7158594351139,197.97388388037444,"0.503, 0.316","0.543, 0.308","0.516, 0.394","0.603, 0.379","0.527, 0.494","0.523, 0.489","0.535, 0.621","0.469, 0.626","0.553, 0.435","0.613, 0.376","0.555, 0.748","0.380, 0.735","0.565, 0.258",0.553,0.435,0.613,0.376,0.555,0.748,0.38,0.735,0.503,0.316,0.543,0.308,0.516,0.394,0.603,0.379,0.527,0.494,0.523,0.489,0.535,0.621,0.469,0.626,Finish
8.341675008341676,0.0721025090428144,42.21195798250452,139.25811922140008,148.95660088114968,183.85818072106608,193.2708616170389,176.96152636169066,198.8588252390615,"0.503, 0.316","0.546, 0.308","0.514, 0.392","0.597, 0.381","0.528, 0.491","0.523, 0.486","0.538, 0.621","0.471, 0.625","0.552, 0.425","0.613, 0.388","0.554, 0.748","0.381, 0.734","0.565, 0.258",0.552,0.425,0.613,0.388,0.554,0.748,0.381,0.734,0.503,0.316,0.546,0.308,0.514,0.392,0.597,0.381,0.528,0.491,0.523,0.486,0.538,0.621,0.471,0.625,Finish
8.375041708375042,0.9184526746811462,38.692581410631306,131.82575462676758,130.8047216880667,185.108226884668,192.89486505879395,176.83167962302895,199.2496063566092,"0.502, 0.316","0.548, 0.308","0.513, 0.393","0.595, 0.386","0.530, 0.491","0.524, 0.487","0.538, 0.621","0.472, 0.624","0.550, 0.418","0.612, 0.389","0.554, 0.748","0.381, 0.734","0.565, 0.260",0.55,0.418,0.612,0.389,0.554,0.748,0.381,0.734,0.502,0.316,0.548,0.308,0.513,0.393,0.595,0.386,0.53,0.491,0.524,0.487,0.538,0.621,0.472,0.624,Finish
8.408408408408409,1.4157081327581096,37.03023316031327,124.20176692476468,122.542450530409,185.1745437524009,192.19719899553675,177.3259033517446,200.73779778035217,"0.503, 0.316","0.548, 0.308","0.517, 0.392","0.594, 0.389","0.530, 0.491","0.524, 0.487","0.539, 0.621","0.475, 0.623","0.554, 0.408","0.613, 0.390","0.553, 0.748","0.381, 0.732","0.565, 0.261",0.554,0.408,0.613,0.39,0.553,0.748,0.381,0.732,0.503,0.316,0.548,0.308,0.517,0.392,0.594,0.389,0.53,0.491,0.524,0.487,0.539,0.621,0.475,0.623,Finish
8.441775108441776,2.189463450130793,36.81382509898796,132.98838645742146,115.9241091130404,185.0359203345612,192.02229813771825,177.81902915901668,200.8331477934701,"0.503, 0.316","0.548, 0.308","0.518, 0.392","0.594, 0.391","0.530, 0.491","0.524, 0.487","0.539, 0.620","0.475, 0.622","0.552, 0.413","0.612, 0.390","0.553, 0.747","0.381, 0.732","0.565, 0.261",0.552,0.413,0.612,0.39,0.553,0.747,0.381,0.732,0.503,0.316,0.548,0.308,0.518,0.392,0.594,0.391,0.53,0.491,0.524,0.487,0.539,0.62,0.475,0.622,Finish
8.475141808475142,8.463625791627697,36.82039790667362,115.60548656750564,117.02734033315602,184.50340682251647,192.15924518699103,177.77093243124742,200.6178217487916,"0.506, 0.316","0.548, 0.308","0.526, 0.385","0.594, 0.391","0.531, 0.491","0.524, 0.487","0.539, 0.620","0.475, 0.622","0.570, 0.392","0.614, 0.390","0.553, 0.747","0.381, 0.732","0.565, 0.261",0.57,0.392,0.614,0.39,0.553,0.747,0.381,0.732,0.506,0.316,0.548,0.308,0.526,0.385,0.594,0.391,0.531,0.491,0.524,0.487,0.539,0.62,0.475,0.622,Finish
8.508508508508509,5.969574256692879,35.48471213962145,110.7290345435724,113.27307931814208,184.7153798006006,192.33770420531863,177.8625494221259,200.19851268456705,"0.506, 0.316","0.548, 0.309","0.524, 0.387","0.593, 0.394","0.531, 0.491","0.524, 0.487","0.539, 0.619","0.475, 0.621","0.568, 0.392","0.613, 0.392","0.552, 0.747","0.381, 0.732","0.565, 0.262",0.568,0.392,0.613,0.392,0.552,0.747,0.381,0.732,0.506,0.316,0.548,0.309,0.524,0.387,0.593,0.394,0.531,0.491,0.524,0.487,0.539,0.619,0.475,0.621,Finish
8.541875208541876,5.699066343919687,35.111127462069824,109.68934352598993,129.17026675651763,184.00294532641777,192.4425260181549,177.7770475921577,200.2917072039725,"0.510, 0.316","0.548, 0.309","0.526, 0.388","0.591, 0.392","0.532, 0.491","0.524, 0.487","0.540, 0.619","0.475, 0.621","0.572, 0.393","0.633, 0.401","0.552, 0.746","0.381, 0.731","0.567, 0.261",0.572,0.393,0.633,0.401,0.552,0.746,0.381,0.731,0.51,0.316,0.548,0.309,0.526,0.388,0.591,0.392,0.532,0.491,0.524,0.487,0.54,0.619,0.475,0.621,Finish
8.575241908575242,6.977824350343234,34.901146245684366,107.44681094935132,125.7583151663536,183.04459381757525,192.53225002247532,178.7157603883056,200.47923356186112,"0.513, 0.316","0.547, 0.309","0.530, 0.389","0.591, 0.395","0.533, 0.492","0.523, 0.488","0.541, 0.620","0.474, 0.621","0.574, 0.392","0.627, 0.400","0.552, 0.746","0.381, 0.731","0.568, 0.260",0.574,0.392,0.627,0.4,0.552,0.746,0.381,0.731,0.513,0.316,0.547,0.309,0.53,0.389,0.591,0.395,0.533,0.492,0.523,0.488,0.541,0.62,0.474,0.621,Finish
8.608608608608609,5.127666580761239,35.27548962727466,93.82450859717332,125.91924833915772,182.50605184339213,192.4057405813095,179.5146001331075,200.7842099649918,"0.514, 0.316","0.547, 0.310","0.529, 0.389","0.591, 0.395","0.534, 0.494","0.523, 0.489","0.542, 0.621","0.474, 0.621","0.571, 0.384","0.625, 0.400","0.551, 0.746","0.381, 0.730","0.570, 0.257",0.571,0.384,0.625,0.4,0.551,0.746,0.381,0.73,0.514,0.316,0.547,0.31,0.529,0.389,0.591,0.395,0.534,0.494,0.523,0.489,0.542,0.621,0.474,0.621,Finish
8.641975308641976,5.09439997308595,35.51683646621188,100.2766856177794,132.64097966555303,182.5620847808404,192.6951328536288,180.17215105470555,200.8526580006101,"0.515, 0.315","0.547, 0.310","0.529, 0.384","0.591, 0.394","0.535, 0.494","0.523, 0.490","0.543, 0.622","0.474, 0.621","0.574, 0.383","0.628, 0.404","0.551, 0.747","0.381, 0.728","0.571, 0.257",0.574,0.383,0.628,0.404,0.551,0.747,0.381,0.728,0.515,0.315,0.547,0.31,0.529,0.384,0.591,0.394,0.535,0.494,0.523,0.49,0.543,0.622,0.474,0.621,Finish
8.675342008675342,8.735009939618918,35.43048114804089,109.34821650918074,137.23197842846136,181.47173625879364,193.12379898333248,181.02604261855103,200.8599747319488,"0.519, 0.315","0.546, 0.310","0.536, 0.382","0.590, 0.394","0.536, 0.495","0.522, 0.491","0.545, 0.622","0.474, 0.621","0.579, 0.386","0.637, 0.410","0.551, 0.748","0.380, 0.727","0.574, 0.257",0.579,0.386,0.637,0.41,0.551,0.748,0.38,0.727,0.519,0.315,0.546,0.31,0.536,0.382,0.59,0.394,0.536,0.495,0.522,0.491,0.545,0.622,0.474,0.621,Finish
8.70870870870871,4.01918087096006,35.64616109613194,158.2871522345237,141.10449434119155,182.4170557844284,193.69138515522133,180.18375153545475,202.16857221637568,"0.522, 0.315","0.544, 0.310","0.534, 0.390","0.590, 0.393","0.538, 0.495","0.524, 0.491","0.545, 0.621","0.476, 0.621","0.574, 0.457","0.643, 0.414","0.550, 0.748","0.381, 0.727","0.577, 0.257",0.574,0.457,0.643,0.414,0.55,0.748,0.381,0.727,0.522,0.315,0.544,0.31,0.534,0.39,0.59,0.393,0.538,0.495,0.524,0.491,0.545,0.621,0.476,0.621,Finish
8.742075408742078,3.21270261124143,35.346966923020865,158.54324533722288,142.24298386883254,182.04920557034745,193.62077262685696,181.15809686885856,202.1876857200403,"0.521, 0.314","0.543, 0.311","0.533, 0.392","0.589, 0.393","0.538, 0.495","0.524, 0.490","0.546, 0.620","0.477, 0.621","0.567, 0.450","0.640, 0.415","0.550, 0.748","0.383, 0.726","0.577, 0.258",0.567,0.45,0.64,0.415,0.55,0.748,0.383,0.726,0.521,0.314,0.543,0.311,0.533,0.392,0.589,0.393,0.538,0.495,0.524,0.49,0.546,0.62,0.477,0.621,Finish
