Time,Left Shoulder Angle,Right Shoulder Angle,Left Elbow Angle,Right Elbow Angle,Left Hip Angle,Right Hip Angle,Left Knee Angle,Right Knee Angle,"x, y Left Shoulder","x, y Right Shoulder","x, y Left Elbow","x, y Right Elbow","x, y Left Hip","x, y Right Hip","x, y Left Knee","x, y Right Knee","x, y Left Wrist","x, y Right Wrist","x, y Left Ankle","x, y Right Ankle","x, y Nose",Lateral Bending Angle,Leaning
0.0,6.64280854072445,6.959635059293625,196.91193390806887,174.67030480925436,165.69880048428627,199.87746121387423,178.74986945216816,182.2976867336156,"0.5468565821647644, 0.3751581609249115","0.4442373216152191, 0.39447981119155884","0.5470567345619202, 0.4587928354740143","0.4528093934059143, 0.4800271987915039","0.5318158268928528, 0.5070527195930481","0.4698409140110016, 0.5082611441612244","0.5460814833641052, 0.6112552881240845","0.45599836111068726, 0.6179018020629883","0.524995744228363, 0.5319786071777344","0.46782150864601135, 0.5568869113922119","0.5695840716362, 0.7588835954666138","0.43407171964645386, 0.7490226626396179","0.4885501265525818, 0.35379964113235474",2.461916282844233,Trailing Side
0.033288948069241,3.720389578006855,6.970704253292184,192.5354284193781,175.30023867235178,166.40666170915037,199.80015112327308,176.6280163401517,181.77830499158176,"0.5474967360496521, 0.3751583397388458","0.4443186819553375, 0.39234301447868347","0.5428247451782227, 0.46349453926086426","0.4524594843387604, 0.4794226586818695","0.5317991971969604, 0.507828414440155","0.46976321935653687, 0.5089289546012878","0.546074628829956, 0.6267430782318115","0.45520344376564026, 0.6196922063827515","0.5222802758216858, 0.537260890007019","0.46616697311401367, 0.5568405389785767","0.5716499090194702, 0.7686365246772766","0.43368253111839294, 0.7515907287597656","0.4866043031215668, 0.35497114062309265",2.2393741768960966,Trailing Side
0.066577896138482,3.329775234808556,5.377544483507495,189.45631202026567,175.22769052214,164.37437882369534,196.99818844303852,176.8159969255012,183.482597506306,"0.5477490425109863, 0.37432995438575745","0.44431716203689575, 0.3867309093475342","0.5407038927078247, 0.4631563127040863","0.4525449275970459, 0.47326159477233887","0.5290369391441345, 0.5097951292991638","0.4677952826023102, 0.5097004771232605","0.5462406277656555, 0.6360241174697876","0.45522385835647583, 0.6256295442581177","0.5223119258880615, 0.5369709730148315","0.4660280644893646, 0.5481681227684021","0.5717375874519348, 0.7678701877593994","0.4335658550262451, 0.7527132630348206","0.48183673620224, 0.3583952784538269",1.05652094800478,Trailing Side
0.099866844207723,4.279915230879526,4.704911960424646,188.9536866090803,174.6441120462043,162.66952143303544,196.5645285678436,177.83568017479786,183.263051308946,"0.5482764840126038, 0.3743344247341156","0.4446054995059967, 0.38585537672042847","0.5416079163551331, 0.4617387652397156","0.4529232084751129, 0.46944528818130493","0.5276070237159729, 0.5103164911270142","0.4673159718513489, 0.5097473859786987","0.5462241768836975, 0.632156491279602","0.4552387595176697, 0.6213364601135254","0.524929940700531, 0.5322000980377197","0.46635350584983826, 0.5382913947105408","0.5714725852012634, 0.7638647556304932","0.4334745407104492, 0.752234935760498","0.4793068766593933, 0.3590197265148163",0.44998321472768416,Trailing Side
0.133155792276964,2.5976867230726968,4.469500707351554,189.49433480397877,176.3643021398616,162.66022484338532,194.98174123434544,175.69687249898172,183.3941792775436,"0.5479139089584351, 0.38200509548187256","0.44460731744766235, 0.38194048404693604","0.5292809009552002, 0.4692930579185486","0.4516873359680176, 0.4655889570713043","0.5265645980834961, 0.5102412700653076","0.4655284881591797, 0.5095937848091125","0.5440006256103516, 0.6360957026481628","0.45381301641464233, 0.6275038719177246","0.5035941004753113, 0.534355640411377","0.46279773116111755, 0.540164589881897","0.5713280439376831, 0.7625889182090759","0.4335208535194397, 0.7546406388282776","0.4781494140625, 0.36057981848716736",-0.09586405021367787,Leading Side
0.166444740346205,1.9155074655153748,2.0054533802176406,189.83516794718125,175.8588508289406,158.76134212350854,191.4216079482458,177.175392890404,185.4179935174729,"0.5467503070831299, 0.3811909854412079","0.4441571831703186, 0.376373827457428","0.5338827967643738, 0.45985621213912964","0.4514485001564026, 0.45549899339675903","0.5211922526359558, 0.5102061629295349","0.4611453413963318, 0.5095340013504028","0.5430524349212646, 0.6337605118751526","0.4524253308773041, 0.6296769380569458","0.50834059715271, 0.5335139632225037","0.4627508521080017, 0.5237263441085815","0.5711715221405029, 0.7569499611854553","0.4310210645198822, 0.7566407918930054","0.4790714383125305, 0.360615611076355",-1.8721977946746173,Leading Side
0.1997336884154461,0.444339352429814,4.2839205546108685,197.58653954158248,176.1219247978731,158.99449900606473,191.368230726008,175.8617356383997,185.54049050632352,"0.5445399880409241, 0.38085877895355225","0.4441031813621521, 0.37765517830848694","0.5289685130119324, 0.45836514234542847","0.448096364736557, 0.45797935128211975","0.5191282629966736, 0.5126281976699829","0.46072641015052795, 0.5105481743812561","0.5414168238639832, 0.637881875038147","0.4517610967159271, 0.6315256357192993","0.49698346853256226, 0.5161952972412109","0.4563428461551666, 0.5279244184494019","0.5718038082122803, 0.7577213048934937","0.430625855922699, 0.7541564106941223","0.479664146900177, 0.3610488176345825",-1.901889945459829,Leading Side
0.2330226364846871,2.99634978307916,6.657366005425477,203.51076572184957,172.3900015056503,156.21752502330838,190.48014674702216,176.46747015784072,183.5855537850953,"0.5436391830444336, 0.3804391026496887","0.4439918100833893, 0.3750275671482086","0.5229799151420593, 0.4583570063114166","0.4426782727241516, 0.45746177434921265","0.5148097276687622, 0.5177976489067078","0.4582880139350891, 0.5171408653259277","0.540413498878479, 0.6389919519424438","0.44839173555374146, 0.6366007328033447","0.4767611622810364, 0.516753077507019","0.45108094811439514, 0.5290215611457825","0.5733045339584351, 0.757902979850769","0.43117791414260864, 0.7542918920516968","0.4799485206604004, 0.3599871098995209",-2.9768457835691176,Leading Side
0.2663115845539281,4.117961740898777,17.243451129457778,167.7006024110343,172.37146158225224,157.9352086750043,190.6958248411507,174.303856698574,182.9345736742113,"0.5435283780097961, 0.38017308712005615","0.4420180916786194, 0.37422487139701843","0.5337603092193604, 0.45531028509140015","0.42579159140586853, 0.4558493196964264","0.5156651139259338, 0.5168195962905884","0.45694416761398315, 0.5162383913993835","0.5380226373672485, 0.6369847655296326","0.4472249448299408, 0.634559690952301","0.5391028523445129, 0.5177267789840698","0.4212349057197571, 0.5279750227928162","0.5732733011245728, 0.7580353021621704","0.4311942160129547, 0.7542191743850708","0.4826083779335022, 0.35727399587631226",-2.65812935453124,Leading Side
0.2996005326231691,8.00649405407825,22.96883100512997,177.26304846270577,179.83463435758298,157.02954253866045,189.0692225087632,174.7208485392973,183.15317885770835,"0.5435583591461182, 0.38113588094711304","0.44105154275894165, 0.3738061189651489","0.5383749604225159, 0.4556146264076233","0.41569632291793823, 0.4529849886894226","0.514632523059845, 0.5173660516738892","0.45410579442977905, 0.5169062614440918","0.5377076864242554, 0.6362675428390503","0.4461120665073395, 0.6354779005050659","0.5369068384170532, 0.5232132077217102","0.39329782128334045, 0.5236320495605469","0.5732502937316895, 0.7581137418746948","0.43122750520706177, 0.7565274834632874","0.4832521975040436, 0.3576802909374237",-3.252056803674362,Leading Side
0.3328894806924101,8.819149384147844,29.011144474179357,178.85202516204282,181.55568678960648,157.39606770504835,187.6914741198815,174.49595723233426,182.39551271766615,"0.5433130860328674, 0.3829556107521057","0.44090256094932556, 0.37065497040748596","0.5394147038459778, 0.45498356223106384","0.40778374671936035, 0.44212666153907776","0.5150434374809265, 0.5169059038162231","0.45145899057388306, 0.5161827206611633","0.537448525428772, 0.6356316804885864","0.4441308081150055, 0.6345542073249817","0.5370535254478455, 0.5243328213691711","0.37544748187065125, 0.5072165131568909","0.5727135539054871, 0.7570873498916626","0.4314679503440857, 0.7562987804412842","0.48825326561927795, 0.357475608587265",-3.626535400476542,Leading Side
0.3661784287616511,10.938992041607817,35.41724355755125,174.61360648780956,181.1246486529176,157.3408548882817,186.67741801194225,174.6956656690884,181.27464786664197,"0.5422533750534058, 0.3858433663845062","0.44051361083984375, 0.36962708830833435","0.5410435199737549, 0.45520156621932983","0.4009687006473541, 0.4324667453765869","0.514523983001709, 0.5169938206672668","0.44869327545166016, 0.5143407583236694","0.5368673205375671, 0.6350076198577881","0.4414936602115631, 0.6340305209159851","0.5464109778404236, 0.5251646041870117","0.36100855469703674, 0.49328452348709106","0.5710991621017456, 0.7541908025741577","0.431462824344635, 0.755596935749054","0.48799794912338257, 0.3570459485054016",-4.05361649958704,Leading Side
0.3994673768308922,13.75661340617738,46.0355709145832,222.7835411165388,177.97365661201258,158.1827007139123,186.56646491723671,174.36282529836026,179.77898017531103,"0.5396637320518494, 0.38669994473457336","0.4423028826713562, 0.3646811842918396","0.5144972801208496, 0.44058552384376526","0.39547985792160034, 0.413832426071167","0.5137369632720947, 0.5167151689529419","0.4485444128513336, 0.5120489597320557","0.5352608561515808, 0.632400393486023","0.439810186624527, 0.6326800584793091","0.4684702455997467, 0.45935216546058655","0.34738630056381226, 0.46803197264671326","0.5687959790229797, 0.7480032444000244","0.4314800202846527, 0.7542390823364258","0.48685401678085327, 0.3506966233253479",-4.059345021235369,Leading Side
0.4327563249001331,20.48752225781968,49.47063026209851,116.221571635686,189.05785456125795,159.08853957843752,186.7712796670196,172.8743380917572,178.78061525399525,"0.5367391705513, 0.3880283832550049","0.44288063049316406, 0.364250123500824","0.5033650398254395, 0.4428534507751465","0.39557698369026184, 0.4078124463558197","0.5119701027870178, 0.5173454880714417","0.4483143389225006, 0.5115326642990112","0.532392680644989, 0.6323634386062622","0.4384480118751526, 0.6326150894165039","0.44982385635375977, 0.43806663155555725","0.33316734433174133, 0.44925278425216675","0.5685662627220154, 0.7492635846138","0.43114137649536133, 0.7542005181312561","0.4875318109989166, 0.34395042061805725",-3.998686489155565,Leading Side
0.4660452729693742,24.512125370481765,48.51434674159625,113.88474907012149,189.32526735383613,160.26980401577,186.9389502931713,171.63765816103268,178.28033571840942,"0.5353227853775024, 0.38741716742515564","0.4433537423610687, 0.3645729124546051","0.4955340027809143, 0.4446077346801758","0.3974032998085022, 0.40812405943870544","0.5116878747940063, 0.5172772407531738","0.44839906692504883, 0.5106034874916077","0.5307772159576416, 0.632398247718811","0.4378413259983063, 0.6322526931762695","0.44770485162734985, 0.43536052107810974","0.33855289220809937, 0.44802746176719666","0.5685702562332153, 0.7502691745758057","0.43093228340148926, 0.7542816400527954","0.48860305547714233, 0.344470351934433",-3.854778371335893,Leading Side
0.4993342210386152,28.897453287250155,59.144496829598886,221.3956167885996,195.08726400066948,159.30756917141795,185.79807199345296,172.22240635229898,178.90850842523685,"0.5342624187469482, 0.37862569093704224","0.44524770975112915, 0.36450904607772827","0.5051769018173218, 0.4140465259552002","0.4024750292301178, 0.39119231700897217","0.5085731744766235, 0.5173218250274658","0.44805818796157837, 0.5106116533279419","0.5296245217323303, 0.634331464767456","0.43808627128601074, 0.632004976272583","0.4676748812198639, 0.4201296269893646","0.357666552066803, 0.404780775308609","0.5683268308639526, 0.753610372543335","0.4303351044654846, 0.7550501227378845","0.4983542561531067, 0.3457852005958557",-4.592884670911955,Leading Side
0.5326231691078562,17.27997377923725,40.25831223310166,237.82139083400088,15.437261229335578,158.72090097751183,183.58855748624515,168.65543226615964,179.40271773527084,"0.5334687829017639, 0.37888485193252563","0.4463459551334381, 0.36466389894485474","0.5079528093338013, 0.42422255873680115","0.4295671582221985, 0.38420864939689636","0.5034745931625366, 0.518905520439148","0.44534677267074585, 0.512533962726593","0.5221237540245056, 0.634197473526001","0.43698135018348694, 0.6328983902931213","0.4618779718875885, 0.42648234963417053","0.4662838876247406, 0.35951995849609375","0.5669470429420471, 0.7538731694221497","0.4297882616519928, 0.7547467947006226","0.5012484192848206, 0.3465753197669983",-6.144610052454424,Leading Side
0.5659121171770972,1.3085358684423298,54.14422185855971,103.6264294146404,138.80098807369097,158.01128138980485,183.1437777393519,168.98607796496444,178.4579438702332,"0.5338077545166016, 0.37902671098709106","0.4463067650794983, 0.3651725649833679","0.5218819379806519, 0.42806529998779297","0.4083581864833832, 0.39158275723457336","0.5023853778839111, 0.5224208235740662","0.443626344203949, 0.5157347917556763","0.5219446420669556, 0.6377109885215759","0.43504613637924194, 0.6335974931716919","0.4661959707736969, 0.4280243515968323","0.3747897744178772, 0.38783931732177734","0.5657467246055603, 0.75398188829422","0.429551362991333, 0.7536017894744873","0.5002750158309937, 0.34116870164871216",-6.617480681930002,Leading Side
0.5992010652463382,4.295756017642218,61.1821312630378,254.69829764950632,2.1400992524952644,160.98586769785672,181.17297550941228,165.5358187709005,178.8939399587152,"0.5339589715003967, 0.3743204176425934","0.44868454337120056, 0.35969728231430054","0.5275416970252991, 0.4227815270423889","0.43029481172561646, 0.3688202202320099","0.5030180811882019, 0.5219236016273499","0.4420454502105713, 0.515990138053894","0.5175973773002625, 0.6377354860305786","0.43458953499794006, 0.6343220472335815","0.49380040168762207, 0.4273785650730133","0.4829023480415344, 0.3451273441314697","0.5639010667800903, 0.7544514536857605","0.4293781816959381, 0.7537153959274292","0.5043317079544067, 0.3422897160053253",-7.049445744417633,Leading Side
0.6324900133155793,8.52178595079232,3.444720673785066,184.92246139686688,164.7020308486293,160.52069909738694,180.1010320630432,162.97796306109413,178.97242787509114,"0.5340272784233093, 0.38497593998908997","0.4505935311317444, 0.36147210001945496","0.5279555320739746, 0.4563979208469391","0.44082507491111755, 0.44215044379234314","0.501112163066864, 0.5233432054519653","0.44118013978004456, 0.5172088742256165","0.5134181976318359, 0.6385250091552734","0.4338317811489105, 0.6353226900100708","0.5160897970199585, 0.5252248048782349","0.4494588375091553, 0.5006587505340576","0.5629633069038391, 0.7545674443244934","0.4286092221736908, 0.7534042000770569","0.5021687746047974, 0.3337051272392273",-8.189973775357059,Leading Side
0.6657789613848203,19.30179430968579,1.8429255371607005,193.87123010801128,177.48147417787487,159.58338615659235,178.81604542763347,164.2441676825159,179.2511510547211,"0.5336365699768066, 0.3832551836967468","0.453655868768692, 0.3620550036430359","0.5408561825752258, 0.4528782367706299","0.4439482092857361, 0.4477948546409607","0.500409722328186, 0.5229255557060242","0.44109606742858887, 0.5175907611846924","0.5151347517967224, 0.6422488689422607","0.4340246617794037, 0.6354771852493286","0.5337545275688171, 0.503724217414856","0.43999379873275757, 0.5051931142807007","0.5632163286209106, 0.7566817402839661","0.42850828170776367, 0.7531536221504211","0.5024239420890808, 0.33453792333602905",-8.81636184762168,Leading Side
0.6990679094540613,19.390757193501287,242.036721332149,189.15098000137252,164.23212025334217,161.4885291113447,178.50505721305723,161.00926112870673,179.29088964533582,"0.5333955883979797, 0.38183096051216125","0.45549526810646057, 0.35785409808158875","0.540868878364563, 0.45069631934165955","0.4185302257537842, 0.33384019136428833","0.500382661819458, 0.5226128101348877","0.441413015127182, 0.5173395872116089","0.5116463899612427, 0.6437050700187683","0.43408337235450745, 0.6354502439498901","0.538490891456604, 0.49672484397888184","0.38495132327079773, 0.29551413655281067","0.5626823306083679, 0.7567110061645508","0.4283343255519867, 0.7512595653533936","0.508054792881012, 0.33374112844467163",-8.913887871719725,Leading Side
0.7323568575233023,17.588102662020894,257.2362033333177,193.69488846745983,99.20798063523038,164.23079777234997,178.281753698335,158.79574825909782,179.25671193477947,"0.5321919322013855, 0.3771725296974182","0.4567219316959381, 0.35811078548431396","0.5391310453414917, 0.44953304529190063","0.4340689778327942, 0.3506837487220764","0.5010091066360474, 0.5224987864494324","0.44171467423439026, 0.5172106027603149","0.5087474584579468, 0.6435141563415527","0.4341358542442322, 0.6353592276573181","0.5323635339736938, 0.4963967800140381","0.43092942237854004, 0.35675084590911865","0.5607272386550903, 0.7556843161582947","0.4282132685184479, 0.7511922121047974","0.5079151391983032, 0.3353319466114044",-8.627592196346852,Leading Side
0.8322237017310253,34.63689454129905,15.614233993984485,79.8918945798266,3.706220879491192,170.3265915153404,183.50755295220304,157.1056532239534,175.87821626654647,"0.531570315361023, 0.37391263246536255","0.4654321074485779, 0.3574534058570862","0.4917744994163513, 0.4157997667789459","0.45154887437820435, 0.39637941122055054","0.5079725980758667, 0.5246649384498596","0.4540715217590332, 0.5193125009536743","0.5096240639686584, 0.6464487910270691","0.4386436939239502, 0.6361446976661682","0.45388656854629517, 0.36433184146881104","0.4546282887458801, 0.3855854272842407","0.5573111772537231, 0.7552312612533569","0.43186354637145996, 0.7502450942993164","0.5019804835319519, 0.33007103204727173",-6.380689070330986,Leading Side
0.8655126498002663,87.13435030665968,12.05662374156115,118.69069832313922,109.85747109440004,164.6302214082868,185.6564116721323,168.84444553134895,174.89170098171286,"0.5415223836898804, 0.3723856806755066","0.464545339345932, 0.3699159324169159","0.5845972299575806, 0.3822917640209198","0.47491946816444397, 0.43549102544784546","0.5138384103775024, 0.5280278325080872","0.45627540349960327, 0.5242719054222107","0.5249158143997192, 0.6478001475334167","0.43896642327308655, 0.6370808482170105","0.6091122031211853, 0.3547206521034241","0.5190969705581665, 0.4439724087715149","0.5574427247047424, 0.75803542137146","0.4318918287754059, 0.7490630149841309","0.5089247226715088, 0.3296196460723877",-6.615666764770236,Leading Side
0.8988015978695074,11.985475443417313,11.58004208777282,178.29518772323095,132.15232196880632,163.50467910330798,194.2154522380032,176.55754312074336,173.0324138614386,"0.5407683253288269, 0.3759150505065918","0.46974682807922363, 0.3735273480415344","0.5438843965530396, 0.42917099595069885","0.4873424172401428, 0.4547664523124695","0.5175913572311401, 0.5285018682479858","0.4714595675468445, 0.5266398191452026","0.5341314077377319, 0.6483374834060669","0.4447850286960602, 0.6371137499809265","0.5469622015953064, 0.46397653222084045","0.5307083129882812, 0.4797345697879791","0.5577235817909241, 0.7663947939872742","0.4319736957550049, 0.7477209568023682","0.5103849172592163, 0.3297047019004822",-4.016347926554913,Leading Side
0.9320905459387484,14.667586832275958,18.342490328223004,192.74233562746147,152.74443245053914,159.385913004265,193.16978635410973,184.40774950881968,189.5517267884397,"0.5395570993423462, 0.3758915066719055","0.47506505250930786, 0.3801969587802887","0.5471481084823608, 0.4375433027744293","0.510776937007904, 0.465380996465683","0.5192574858665466, 0.5270588397979736","0.4863200783729553, 0.526385486125946","0.5459933876991272, 0.6431806087493896","0.46904927492141724, 0.6383710503578186","0.54197096824646, 0.48920172452926636","0.5576905012130737, 0.504745364189148","0.5643650889396667, 0.7652617692947388","0.43283724784851074, 0.7477443814277649","0.5111974477767944, 0.32724371552467346",-1.7422120804910572,Leading Side
0.9653794940079894,27.460065344763628,10.79585752235777,173.65165785370155,158.3440518750895,163.78914786837672,194.2100778648135,184.43709398587868,183.5684842560408,"0.5548191070556641, 0.3734803795814514","0.47395235300064087, 0.39377593994140625","0.5771564245223999, 0.4309099614620209","0.4936111569404602, 0.4688919484615326","0.5383676290512085, 0.5247602462768555","0.4828982353210449, 0.5260113477706909","0.5587552785873413, 0.6403324007987976","0.46207624673843384, 0.6401361227035522","0.5901671648025513, 0.45579513907432556","0.5231868624687195, 0.5091219544410706","0.5710017681121826, 0.7659698128700256","0.43366092443466187, 0.7548855543136597","0.5190340876579285, 0.32721859216690063",-1.5164563386538905,Leading Side
0.9986684420772304,13.495782433945774,25.213679554759796,244.68977922431955,185.6465737877173,168.39183677527953,197.7337233190822,187.06455673074225,183.2712582647173,"0.5593540072441101, 0.3744005560874939","0.47365933656692505, 0.3859958350658417","0.5420935750007629, 0.43232259154319763","0.4515056014060974, 0.4517422318458557","0.5512174367904663, 0.5247366428375244","0.4898335337638855, 0.525955319404602","0.5686033368110657, 0.6409270167350769","0.46732696890830994, 0.640232264995575","0.4619131088256836, 0.44461551308631897","0.43283945322036743, 0.4931444227695465","0.5716028213500977, 0.7597821950912476","0.43745237588882446, 0.7564772367477417","0.5167728662490845, 0.3283471465110779",1.5859851450250315,Trailing Side
1.0319573901464714,2.72983426252357,11.694537537643152,240.1549146681971,97.6815882286433,169.3533828889163,202.35208116316065,189.53599538242116,183.13227960575404,"0.5634400248527527, 0.37439244985580444","0.4666379392147064, 0.3910779654979706","0.5574591159820557, 0.4435978829860687","0.4651145935058594, 0.4694732129573822","0.5574911832809448, 0.5285759568214417","0.4929397702217102, 0.5318742990493774","0.5745294094085693, 0.6434441804885864","0.4702399671077728, 0.6408098936080933","0.47838932275772095, 0.48031044006347656","0.4776104986667633, 0.4714065194129944","0.5723227858543396, 0.7584798336029053","0.44123196601867676, 0.7498067617416382","0.5101227164268494, 0.33860474824905396",3.9470328175178047,Trailing Side
1.0652463382157125,1.5580073325898265,1.509907320535076,210.77379050853023,183.28345312620647,171.37901815676912,204.52397704531396,193.15574207243756,186.4081784995231,"0.5593546628952026, 0.3791084587574005","0.4668705463409424, 0.3951857089996338","0.5635358095169067, 0.4842382073402405","0.48204270005226135, 0.4699767529964447","0.5613036155700684, 0.5342965126037598","0.49921950697898865, 0.5355576276779175","0.5791898965835571, 0.6430394649505615","0.4770137369632721, 0.6442496180534363","0.5314425230026245, 0.5433558821678162","0.4898805618286133, 0.524475634098053","0.5716936588287354, 0.755448579788208","0.44284161925315857, 0.7497035264968872","0.49171799421310425, 0.3381047546863556",6.619216219376508,Trailing Side
1.0985352862849536,12.286094109915895,12.922334051785514,192.21570844817532,173.37311701164356,171.39777164595304,198.97264683075312,190.02115169898173,197.87170923198624,"0.5544730424880981, 0.3782150149345398","0.4668910503387451, 0.3957805037498474","0.5746623873710632, 0.46644020080566406","0.5033475756645203, 0.4696376323699951","0.5561148524284363, 0.5340903997421265","0.49959564208984375, 0.5336039066314697","0.5734003782272339, 0.6407473087310791","0.4887995719909668, 0.6432451009750366","0.5754782557487488, 0.5358082056045532","0.5386438369750977, 0.5242010354995728","0.5717653036117554, 0.7556232213973999","0.44218555092811584, 0.7504738569259644","0.492805540561676, 0.3503648340702057",6.670118646477388,Trailing Side
1.1318242343541944,15.686582122221198,7.492976624593351,190.014332527899,146.1479147648544,174.76023768031348,198.27667044001512,191.235608004503,205.42395658873477,"0.5543719530105591, 0.36951425671577454","0.46911412477493286, 0.39258435368537903","0.5846866369247437, 0.46006685495376587","0.5020883679389954, 0.46892523765563965","0.5621050596237183, 0.5263588428497314","0.506909191608429, 0.525545060634613","0.5779988169670105, 0.6385619640350342","0.5021224617958069, 0.6393505334854126","0.5933183431625366, 0.5178582072257996","0.5458754301071167, 0.49712973833084106","0.5715756416320801, 0.7544209957122803","0.44400039315223694, 0.7494377493858337","0.4945777952671051, 0.3623254895210266",8.928147787655307,Trailing Side
1.1651131824234355,26.53324325239593,21.2039360199347,256.17708121501613,150.01074949863093,175.42645130968515,199.0120347120171,189.87579609582957,201.88876068449068,"0.5533936619758606, 0.369911253452301","0.4700213372707367, 0.39403992891311646","0.602777898311615, 0.4570921063423157","0.5252054929733276, 0.4656665325164795","0.5611578822135925, 0.5182366967201233","0.5081280469894409, 0.5234467387199402","0.5760761499404907, 0.630492091178894","0.5031191110610962, 0.6335909366607666","0.5627885460853577, 0.49484556913375854","0.5989090800285339, 0.49604281783103943","0.5714459419250488, 0.7454845905303955","0.4545675814151764, 0.7401642203330994","0.4911850392818451, 0.3601565659046173",9.378443984480707,Trailing Side
1.1984021304926764,39.24728251530955,51.80579726514303,232.27533048630744,162.3941030527188,188.06883327703048,172.01226102625807,210.9028419693615,204.01269325719824,"0.499065101146698, 0.36500683426856995","0.49958157539367676, 0.37870490550994873","0.5733197927474976, 0.4286934733390808","0.5804373025894165, 0.42421770095825195","0.5263131856918335, 0.5174566507339478","0.5215405225753784, 0.520232081413269","0.5304125547409058, 0.6311541199684143","0.55595463514328, 0.6341649293899536","0.5710802674293518, 0.4729894697666168","0.6307120323181152, 0.43469205498695374","0.4686008095741272, 0.7434131503105164","0.542429506778717, 0.7411457896232605","0.4759688973426819, 0.37093788385391235",9.502304411683783,Trailing Side
1.2316910785619175,60.92112926471954,48.22661601767513,213.4763537578934,135.15260369794112,180.2921864222164,183.7659685966784,203.81093234501165,214.1474812455264,"0.5160967111587524, 0.3510788381099701","0.4762069284915924, 0.399021178483963","0.60085129737854, 0.3778500556945801","0.5415105223655701, 0.427956759929657","0.5469861626625061, 0.5022403001785278","0.5122892260551453, 0.510897159576416","0.5717154145240784, 0.6264827251434326","0.5414606928825378, 0.626951277256012","0.6335105299949646, 0.41818946599960327","0.5889275670051575, 0.4098029136657715","0.5458300113677979, 0.7427268028259277","0.5021144151687622, 0.7348323464393616","0.48149412870407104, 0.3656901717185974",14.284524982529037,Trailing Side
1.3648468708388817,89.01486721798257,66.59642866616329,99.05976893614748,221.54452990469875,180.9726700294009,190.36912921479495,192.04618081625108,226.20710436777748,"0.5493331551551819, 0.3392104506492615","0.45965737104415894, 0.3954341411590576","0.6172654032707214, 0.3314596712589264","0.515979528427124, 0.39330124855041504","0.5698997378349304, 0.4955516755580902","0.5086163878440857, 0.49774640798568726","0.5846762657165527, 0.6248119473457336","0.5404696464538574, 0.614960253238678","0.6235116720199585, 0.353878378868103","0.5671291351318359, 0.34439897537231445","0.5727062821388245, 0.7485666275024414","0.47897854447364807, 0.7172827124595642","0.5205400586128235, 0.3560159504413605",15.045377680938104,Trailing Side
1.3981358189081226,116.27792969018182,53.60978291701856,66.0512872158077,128.1229527801239,179.90637717004978,177.41172596265795,192.9186752541291,249.1979828921376,"0.5485550165176392, 0.34403112530708313","0.4651898741722107, 0.39543238282203674","0.5909653306007385, 0.3157576024532318","0.5154288411140442, 0.40658706426620483","0.5685828924179077, 0.4979822635650635","0.5107582807540894, 0.4984002709388733","0.5852789282798767, 0.6247031092643738","0.5708926320075989, 0.6192220449447632","0.5921007990837097, 0.32237163186073303","0.5647498369216919, 0.36613398790359497","0.5734250545501709, 0.7498025894165039","0.4807097911834717, 0.7168225049972534","0.5143428444862366, 0.3516920804977417",14.322706437145438,Trailing Side
1.4314247669773636,83.6287107286557,102.466633965207,252.5193569370089,206.9686212091076,185.2819729333447,184.9147790800548,192.30979836666376,241.3977790689902,"0.5357053875923157, 0.3667012155056","0.49536800384521484, 0.3748627305030823","0.567170262336731, 0.3629912734031677","0.5348764657974243, 0.3497329354286194","0.5690873861312866, 0.5101990103721619","0.5430685877799988, 0.5059744119644165","0.585001528263092, 0.6261663436889648","0.575814425945282, 0.6275261640548706","0.5732842683792114, 0.33080655336380005","0.5635873079299927, 0.3011323809623718","0.5748971700668335, 0.754671037197113","0.4806846082210541, 0.7183696031570435","0.5178297758102417, 0.31926414370536804",16.450029015240336,Trailing Side
1.4647137150466043,82.7333381034017,93.44945563029734,281.9719400242846,215.18403840996368,186.0656795539877,184.8961448936848,190.6563052500857,241.32950293696007,"0.5369293689727783, 0.3614482879638672","0.48525604605674744, 0.37895649671554565","0.5812445282936096, 0.3572238087654114","0.5377718210220337, 0.3546505272388458","0.5699243545532227, 0.5077145099639893","0.5345601439476013, 0.5048514604568481","0.5841273665428162, 0.6296024918556213","0.5703657865524292, 0.6258021593093872","0.5481033325195312, 0.25158244371414185","0.560232400894165, 0.3157159090042114","0.5751551389694214, 0.757594108581543","0.4786837100982666, 0.7180012464523315","0.5162547826766968, 0.3298659026622772",16.824842278492856,Trailing Side
1.4980026631158458,64.81870056116473,92.97433974659502,61.04593047198195,244.8787907183228,184.73956216870596,182.9418585034399,189.062446395992,243.0875516546973,"0.5391103029251099, 0.357757031917572","0.48198002576828003, 0.37915486097335815","0.5866422057151794, 0.3697800040245056","0.5342066884040833, 0.3554452657699585","0.5680789947509766, 0.5069779753684998","0.5305916666984558, 0.5029267072677612","0.5815397500991821, 0.6299511790275574","0.5709667801856995, 0.6235905885696411","0.5737116932868958, 0.32069817185401917","0.5352075695991516, 0.2740322947502136","0.5752624869346619, 0.757583737373352","0.47823071479797363, 0.717673659324646","0.5163654088973999, 0.3252754807472229",15.864330627844016,Trailing Side
1.5312916111850867,154.4488839597959,21.484212147676523,232.7828185357077,105.8511850694308,183.8940749316353,182.41686290049796,186.6031896717389,241.02922360852136,"0.5434859991073608, 0.3518548607826233","0.48134955763816833, 0.3807828426361084","0.5623713731765747, 0.28804710507392883","0.5174724459648132, 0.4199222922325134","0.5681136250495911, 0.5062350630760193","0.5281155705451965, 0.5012245774269104","0.579424262046814, 0.631250262260437","0.5674769282341003, 0.6168233156204224","0.5189395546913147, 0.2289120852947235","0.5430815815925598, 0.40695610642433167","0.5760535001754761, 0.7659504413604736","0.4777732789516449, 0.7156641483306885","0.5167616605758667, 0.329288125038147",14.562485988670469,Trailing Side
1.5645805592543276,164.0480023487368,20.71603021589994,229.50361510321733,178.52096428330063,183.57864915541975,183.2151465900678,185.11913166839497,241.4507073026552,"0.5451382398605347, 0.34788504242897034","0.47879546880722046, 0.38023900985717773","0.554193377494812, 0.28195399045944214","0.4799594283103943, 0.4331093728542328","0.5676476359367371, 0.5054179430007935","0.5274443626403809, 0.5007872581481934","0.5777178406715393, 0.631872832775116","0.5665072202682495, 0.615783154964447","0.5038479566574097, 0.22541454434394836","0.48080259561538696, 0.45072588324546814","0.5763558745384216, 0.7697380781173706","0.47592276334762573, 0.7139876484870911","0.5126944780349731, 0.3259733319282532",14.353441742702561,Trailing Side
1.5978695073235687,68.81261725298464,10.574340856385202,206.30358218108367,5.230776870707538,183.08320333931644,182.92659890604384,184.93051049866844,242.63014812538245,"0.5468578934669495, 0.33912965655326843","0.4772120416164398, 0.37585800886154175","0.5910168290138245, 0.34997206926345825","0.48944640159606934, 0.43681591749191284","0.5683414936065674, 0.504717230796814","0.5275288820266724, 0.5008804798126221","0.5779252052307129, 0.6319048404693604","0.5670958757400513, 0.615815281867981","0.6018487215042114, 0.35909292101860046","0.4890013337135315, 0.43266353011131287","0.5764182806015015, 0.7708532810211182","0.4748902916908264, 0.7125263214111328","0.5137293338775635, 0.3204137980937958",13.878024939653546,Trailing Side
1.6311584553928098,150.20994662467228,1.2523721103281251,254.11862815226849,86.34892401932994,185.1082138362316,187.2849352749141,182.99724848099285,240.17975592090968,"0.5467644929885864, 0.33863821625709534","0.4807875156402588, 0.3770303726196289","0.565847635269165, 0.2910909950733185","0.5091990232467651, 0.4397759437561035","0.569794774055481, 0.504143238067627","0.5336664915084839, 0.5009501576423645","0.5760513544082642, 0.6314438581466675","0.5662023425102234, 0.615746259689331","0.5089881420135498, 0.247066468000412","0.5627622008323669, 0.41128110885620117","0.575609564781189, 0.7693606019020081","0.4749380052089691, 0.7090862393379211","0.5221149325370789, 0.31765398383140564",14.696310467607628,Trailing Side
1.664447403462051,20.08048171458561,4.757761897909578,208.15650625718413,118.06880713898464,184.2830267285885,184.29344143066024,181.8108002284431,243.08882942554828,"0.5545233488082886, 0.33912861347198486","0.4801909327507019, 0.37567585706710815","0.5834274291992188, 0.39826276898384094","0.50129634141922, 0.4426511824131012","0.5717142820358276, 0.503562867641449","0.5316089987754822, 0.5013673901557922","0.5754706859588623, 0.631231427192688","0.5686204433441162, 0.6155812740325928","0.5820496082305908, 0.4357012212276459","0.5396217107772827, 0.44980835914611816","0.575173556804657, 0.7669178247451782","0.4743111729621887, 0.7094513773918152","0.517772376537323, 0.3150712549686432",13.304894468862505,Trailing Side
1.6977363515312918,25.79764184037301,15.640779073703449,160.43752685040667,128.2651988513378,182.67131345847605,185.60469413696276,181.1397359837216,242.51211641988064,"0.5612137913703918, 0.33014726638793945","0.4795922338962555, 0.37447696924209595","0.5886040329933167, 0.3782989978790283","0.4870908260345459, 0.43437832593917847","0.5723413825035095, 0.496149480342865","0.5318053960800171, 0.49883246421813965","0.5750089883804321, 0.6274794936180115","0.5678354501724243, 0.615432858467102","0.6012021899223328, 0.38917532563209534","0.5056928992271423, 0.4456130564212799","0.5750670433044434, 0.7666015028953552","0.47274327278137207, 0.7094007134437561","0.5146614909172058, 0.3044353425502777",12.306128506955226,Trailing Side
1.7310252996005326,43.59152585332589,15.271066727627282,159.9973129342864,128.30698987405574,182.22166610002705,182.7836507424675,182.0665695402162,241.55374705237807,"0.5596107244491577, 0.32355207204818726","0.48178499937057495, 0.37531718611717224","0.6051914691925049, 0.3651294708251953","0.4908149838447571, 0.4546643793582916","0.5714412927627563, 0.49112582206726074","0.5304747819900513, 0.4972750246524811","0.5757321119308472, 0.6264083385467529","0.567456841468811, 0.6048009991645813","0.6182962656021118, 0.3705221712589264","0.5099886059761047, 0.4665592312812805","0.5751224756240845, 0.7661809325218201","0.47139984369277954, 0.7093580961227417","0.5147787928581238, 0.30626267194747925",11.806456401157565,Trailing Side
1.7643142476697735,34.311180591910585,1.1433110150269818,203.57365083804527,87.7176647275459,183.0285315063041,186.16437890626528,182.28987534984756,237.027165601806,"0.5567941665649414, 0.3192532956600189","0.4932137131690979, 0.3596315085887909","0.6027292609214783, 0.375414103269577","0.517920970916748, 0.43391603231430054","0.5714792013168335, 0.4881473481655121","0.5413286685943604, 0.49519863724708557","0.5759245753288269, 0.6193366050720215","0.5677114129066467, 0.6061460971832275","0.6087744832038879, 0.3969108760356903","0.5653537511825562, 0.4160119593143463","0.5751028656959534, 0.7541823387145996","0.4716111719608307, 0.7068817615509033","0.5229673385620117, 0.3040975034236908",11.654719942861535,Trailing Side
1.7976031957390148,24.867156977840832,7.923884204349129,171.8816894587512,83.03891809401547,181.78316597638968,179.94360389848876,182.06749744929616,239.98307340127184,"0.5564852356910706, 0.33048492670059204","0.4916262626647949, 0.36237838864326477","0.5898649096488953, 0.39036405086517334","0.5244938135147095, 0.43360504508018494","0.5688612461090088, 0.49622711539268494","0.5333696007728577, 0.5002294778823853","0.5742424130439758, 0.6201112270355225","0.565887451171875, 0.6072349548339844","0.6058210730552673, 0.4113430380821228","0.5796783566474915, 0.3994797170162201","0.5752288103103638, 0.7547672986984253","0.47061657905578613, 0.7091163396835327","0.5368558764457703, 0.30721282958984375",10.10752689478196,Trailing Side
1.830892143808256,33.03950534050077,18.844893928927927,157.02704660552334,70.50596073555913,181.08218707029187,180.66083412818972,183.98027271826524,236.74800294661563,"0.5449565052986145, 0.3329969644546509","0.5045948624610901, 0.3633091449737549","0.5839630961418152, 0.38069504499435425","0.5500365495681763, 0.4328363537788391","0.563422679901123, 0.5019879341125488","0.5395366549491882, 0.5001618266105652","0.5741226673126221, 0.6206170320510864","0.565813422203064, 0.6082637310028076","0.604584813117981, 0.39154529571533203","0.5874782800674438, 0.38375476002693176","0.5770213603973389, 0.7621024250984192","0.4703584611415863, 0.7103196382522583","0.5453333258628845, 0.3052441477775574",9.905400258212214,Trailing Side
1.8641810918774968,13.43064293883613,14.160041251890318,171.02527281027946,166.7078018450837,179.1634489115392,178.4211163833149,180.76298427611903,230.3016665031677,"0.5685044527053833, 0.3330691158771515","0.5020984411239624, 0.361000657081604","0.5869536399841309, 0.4052921235561371","0.4997679591178894, 0.4331672787666321","0.5710593461990356, 0.49588966369628906","0.5312992334365845, 0.4948105812072754","0.5747308731079102, 0.6170620918273926","0.5556051135063171, 0.5931047201156616","0.6018213033676147, 0.4398072361946106","0.5040715336799622, 0.4544290602207184","0.5771551132202148, 0.759867787361145","0.46952342987060547, 0.7098103761672974","0.5428257584571838, 0.30574437975883484",6.110509740851337,Trailing Side
1.897470039946738,9.39015031409608,8.066278274398904,178.12019824821698,160.98790791312203,170.20156918276248,177.34516018607846,192.3212512581493,228.30356720061565,"0.5764631032943726, 0.3376806676387787","0.4854300916194916, 0.3670150339603424","0.5883871912956238, 0.4283851683139801","0.4953455328941345, 0.44717541337013245","0.5713796019554138, 0.49084457755088806","0.5182948112487793, 0.48866796493530273","0.5889896154403687, 0.6177940368652344","0.5468803644180298, 0.5778485536575317","0.5969117879867554, 0.48005151748657227","0.5085276365280151, 0.4741269052028656","0.5778952836990356, 0.7612000703811646","0.4695177674293518, 0.7090215086936951","0.5412726998329163, 0.3102477192878723",5.7724171660921755,Trailing Side
1.9307589880159788,15.394366010742903,10.758880856255985,189.98060293757615,153.32584727008896,171.86838484365512,177.50167064607007,191.17265954219528,230.83189172120672,"0.5737846493721008, 0.33557242155075073","0.48528799414634705, 0.36261633038520813","0.5955005884170532, 0.41859880089759827","0.49152740836143494, 0.4463883340358734","0.5717812776565552, 0.4913637638092041","0.5194107294082642, 0.48980021476745605","0.5882987976074219, 0.6186308264732361","0.5498344302177429, 0.5861933827400208","0.6001226305961609, 0.475095272064209","0.5097805261611938, 0.4768463671207428","0.5784283876419067, 0.7681132555007935","0.4691165089607239, 0.7090041041374207","0.5403379201889038, 0.3082699477672577",6.475695018339534,Trailing Side
1.96404793608522,12.153221389500509,2.8246036908791314,183.0925167261252,79.03325845118843,173.90854869958056,185.0149060861291,189.71447976736093,232.4916663162736,"0.5721935629844666, 0.33175820112228394","0.4915263056755066, 0.3577359914779663","0.5890892744064331, 0.40824905037879944","0.5108828544616699, 0.43347102403640747","0.5730403065681458, 0.49209627509117126","0.5328856706619263, 0.4916651248931885","0.5872582197189331, 0.6189712285995483","0.5572741627693176, 0.6049777269363403","0.5996094942092896, 0.472050279378891","0.5623699426651001, 0.40912920236587524","0.5784456133842468, 0.7708660960197449","0.4685265123844147, 0.709458589553833","0.5377340912818909, 0.3004452586174011",8.162144096690318,Trailing Side
